time,speed,accel,accelOpen,distance,TTC,roadClassSig,suddenAccelCount,suddenReduceCount,reduceStartCount,TTCRiskCount,distanceOnExpressWayCount,distanceOnOpenRoadCount,distanceofFollowStopCount,driveScene,withFrontCar,roadClass
000,0,0,0,0,0,,0,0,0,0,0,0,0,뉙,둽,
001,0,0,0,13,0,,0,0,0,0,0,0,0,뉙,둭,
002,0,0,0,13,둽챔,,0,0,0,0,0,0,0,뉙,둭,
003,0,0,0,13,둽챔,,0,0,0,0,0,0,0,뉙,둭,
004,0,0,0,13,둽챔,,0,0,0,0,0,0,0,뉙,둭,
005,0,0,0,13,13.753998041152952,,0,0,0,0,0,0,0,뉙,넄,
006,0,0,0,13,둽챔,,0,0,0,0,0,0,0,뉙,넄,
007,0,0,0,13,둽챔,,0,0,0,0,0,0,0,뉙,넄,
008,0,0,0,13,둽챔,,0,0,0,0,0,0,0,뉙,넄,
009,0,0,0,13,둽챔,,0,0,0,0,0,0,0,뉙,넄,
010,0,0,0,13,둽챔,,0,0,0,0,0,0,0,뉙,넄,
011,0,0,0,13,둽챔,,0,0,0,0,0,0,0,뉙,넄,
012,0,0,0,13,둽챔,,0,0,0,0,0,0,0,뉙,넄,
013,0,0,0,13,둽챔,,0,0,0,0,0,0,0,뉙,넄,
014,0,0,0,13,둽챔,,0,0,0,0,0,0,0,뉙,넄,
015,0,0,0,13,둽챔,,0,0,0,0,0,0,0,뉙,넄,
016,1.51,0.2964426631635787,6.5,13,둽챔,,0,0,0,0,0,0,0,뉙,넄,
017,3.63,0.5213589298509622,11.5,13,둽챔,,0,0,0,0,0,0,0,댨,넄,
018,5.89,0.6492439575542798,15,255,12.072000503540039,,0,0,0,0,0,0,0,댨,넄,
019,7.93,0.6028847947741144,15,255,둽껒,,0,0,0,0,0,0,0,댨,둽,
020,9.44,0.4556433526403154,14,255,둽껒,,0,0,0,0,0,0,0,댨,둽,
021,10.87,0.38401168489022497,12,255,둽껒,,0,0,0,0,0,0,0,댨,둽,
022,10.81,0.13737774496148447,0,255,둽껒,,0,0,0,0,0,0,0,댨,둽,
023,10.39,-0.1422356017487539,0,255,둽껒,,0,0,0,0,0,0,0,댨,둽,
024,8.42,-0.38104703513316446,0,255,둽껒,,0,0,0,0,0,0,0,댨,둽,
025,5.73,-0.7636790634720018,0,255,둽껒,,0,0,0,0,0,0,0,댨,둽,
026,2.93,-0.7535753646512533,0,255,둽껒,,0,0,0,0,0,0,0,댨,둽,
027,0,-0.772722043771273,0,255,둽껒,,0,0,0,0,0,0,0,댨,둽,
028,0,-0.25527013119698944,0,255,둽껒,,0,0,0,0,0,0,0,뉙,둽,
029,0,0,0,255,둽껒,,0,0,0,0,0,0,0,뉙,둽,
030,0,0,0,255,둽껒,,0,0,0,0,0,0,0,뉙,둽,
031,0,0,0,255,둽껒,,0,0,0,0,0,0,0,뉙,둽,
032,1.46,0,0,255,둽껒,,0,0,0,0,0,0,0,뉙,둽,
033,1.72,0.6334320428604268,0,255,둽껒,,0,0,0,0,0,0,0,댨,둽,
034,0,-0.6474939990383065,0,255,둽껒,,0,0,0,0,0,0,0,뉙,둽,
035,0,0,0,255,둽껒,,0,0,0,0,0,0,0,뉙,둽,
036,0,0,0,255,둽껒,,0,0,0,0,0,0,0,뉙,둽,
037,2.82,0.5145047201142989,13,255,둽껒,,0,0,0,0,0,0,0,댨,둽,
038,6.19,0.9764309670249447,15.5,255,둽껒,,0,0,0,0,0,0,0,댨,둽,
039,8.61,0.7755775650790271,17,255,둽껒,,0,0,0,0,0,0,0,댨,둽,
040,10.35,0.517318857477541,12,255,둽껒,,0,0,0,0,0,0,0,댨,둽,
041,10.07,0.07389163533556421,0,255,둽껒,,0,0,0,0,0,0,0,댨,둽,
042,9.27,-0.2517176121889795,0,255,둽껒,,0,0,0,0,0,0,0,댨,둽,
043,8.9,-0.13588377174865593,6.5,255,둽껒,,0,0,0,0,0,0,0,댨,둽,
044,9.4,0.13188260406187216,0,255,둽껒,,0,0,0,0,0,0,0,댨,둽,
045,8.84,-0.11257458196496956,0,255,둽껒,,0,0,0,0,0,0,0,댨,둽,
046,6.42,-0.5304024327663669,0,255,둽껒,,0,0,0,0,0,0,0,댨,둽,
047,4.22,-0.694444503432402,0,255,둽껒,,0,0,0,0,0,0,0,댨,둽,
048,1.83,-0.5785894417469699,0,255,둽껒,,0,0,0,0,0,0,0,댨,둽,
049,0,-0.6979624081828113,0,255,둽껒,,0,0,0,0,0,0,0,뉙,둽,
050,0,0,0,255,둽껒,,0,0,0,0,0,0,0,뉙,둽,
051,0.37,0,0,255,둽껒,,0,0,0,0,0,0,0,뉙,둽,
052,1.76,0.4474088342191049,0,255,둽껒,,0,0,0,0,0,0,0,댨,둽,
053,2.02,0.11503928059776648,0,255,둽껒,,0,0,0,0,0,0,0,댨,둽,
054,1.98,-0.11231646523090917,0,255,둽껒,,0,0,0,0,0,0,0,댨,둽,
055,3.15,0.30113700675629357,7,255,둽껒,,0,0,0,0,0,0,0,댨,둽,
056,5.39,0.5873956473796836,16.5,255,둽껒,,0,0,0,0,0,0,0,댨,둽,
057,8.3,0.7654198000251371,16,255,둽껒,,0,0,0,0,0,0,0,댨,둽,
058,10.49,0.6768190230130028,16,255,둽껒,,0,0,0,0,0,0,0,댨,둽,
059,12.97,0.6034968161105853,21.5,255,둽껒,,0,0,0,0,0,0,0,댨,둽,
060,17.17,1.0617760480924328,27.5,255,둽껒,,0,0,0,0,0,0,0,댨,둽,
061,21.41,1.2124777640863327,28,255,둽껒,,0,0,0,0,0,0,0,과,둽,
062,24.78,1.0374492304848513,23.5,255,둽껒,,0,0,0,0,0,0,0,과,둽,
063,26.9,0.6285683875710816,21.5,255,둽껒,,1,0,0,0,0,0,0,뉟,둽,
064,28.1,0.4718570555782028,5.5,72,둽껒,,1,0,0,0,0,0,0,뉟,둭,
065,27.06,-0.21662827439815455,3,80,둽껒,,1,0,0,0,0,0,0,뉟,둭,
066,25.97,-0.2814364549124239,3.5,255,26.181999206542965,,1,0,0,0,0,0,0,뉟,둭,
067,25.33,-0.21072794756911079,4,71,14.716801977157594,,1,0,0,0,0,0,0,뉟,둭,
068,24.43,-0.24965560261803915,4,68,16.33699941635132,,1,0,0,0,0,0,0,뉟,넄,
069,23.82,-0.15141506872893917,4,83,21.926668485005692,,1,0,0,0,0,0,0,뉟,넄,
070,23.05,-0.21303670225899715,6,78,둽껒,,1,0,0,0,0,0,0,뉟,둭,
071,22.84,-0.13916723636820677,12.5,60,18.61099636554718,,1,0,0,0,0,0,0,뉟,둭,
072,22.93,0.05050505001853162,10.5,255,둽껒,,1,0,0,0,0,0,0,뉟,둽,
073,22.5,-0.1200446815904201,9.5,37,둽껒,,1,0,0,0,0,0,0,뉟,둭,
074,22.02,-0.06998276907349797,8,52,둽껒,,1,0,0,0,0,0,0,뉟,둭,
075,21.5,-0.14071822745621196,5.5,255,둽껒,,1,0,0,0,0,0,0,뉟,둽,
076,20.8,-0.19488360263531562,5.5,255,둽껒,,1,0,0,0,0,0,0,뉟,둽,
077,20.04,-0.2106504712402691,0,255,둽껒,,1,0,0,0,0,0,0,뉟,둽,
078,18.77,-0.2687287454559386,0,255,둽껒,,1,0,0,0,0,0,0,꺚,둽,
079,14.94,-0.8997646047427899,0,255,둽껒,,1,0,0,0,0,0,0,꺚,둽,
080,11.2,-1.0742939655988086,0,255,둽껒,,1,0,0,0,0,0,0,꺚,둽,
081,7.53,-1.0129068364827731,0,255,둽껒,,1,0,0,0,0,0,0,꺚,둽,
082,4.09,-1.0173302506546247,0,255,둽껒,,1,0,0,0,0,0,0,꺚,둽,
083,0.87,-0.9671615756305517,0,255,둽껒,,1,0,0,0,0,0,0,꺚,둽,
084,0,-0.404040400148253,0,255,둽껒,,1,1,0,0,0,0,0,뉙,둽,
085,0,0,0,255,둽껒,,1,1,0,0,0,0,0,뉙,둽,
086,0,0,0,255,둽껒,,1,1,0,0,0,0,0,뉙,둽,
087,0,0,0,255,둽껒,,1,1,0,0,0,0,0,뉙,둽,
088,0,0,0,255,둽껒,,1,1,0,0,0,0,0,뉙,둽,
089,0,0,0,255,둽껒,,1,1,0,0,0,0,0,뉙,둽,
090,0,0,0,255,둽껒,,1,1,0,0,0,0,0,뉙,둽,
091,0,0,0,255,둽껒,,1,1,0,0,0,0,0,뉙,둽,
092,0,0,0,255,둽껒,,1,1,0,0,0,0,0,뉙,둽,
093,0,0,0,255,둽껒,,1,1,0,0,0,0,0,뉙,둽,
094,0,0,0,255,둽껒,,1,1,0,0,0,0,0,뉙,둽,
095,0,0,0,255,둽껒,,1,1,0,0,0,0,0,뉙,둽,
096,0,0,0,255,둽껒,,1,1,0,0,0,0,0,뉙,둽,
097,0,0,0,255,둽껒,,1,1,0,0,0,0,0,뉙,둽,
098,0,0,0,255,둽껒,,1,1,0,0,0,0,0,뉙,둽,
099,0,0,0,255,둽껒,,1,1,0,0,0,0,0,뉙,둽,
100,0,0,0,255,둽껒,,1,1,0,0,0,0,0,뉙,둽,
101,0,0,0,255,둽껒,,1,1,0,0,0,0,0,뉙,둽,
102,0,0,0,255,둽껒,,1,1,0,0,0,0,0,뉙,둽,
103,0,0,0,255,둽껒,,1,1,0,0,0,0,0,뉙,둽,
104,0,0,0,255,둽껒,,1,1,0,0,0,0,0,뉙,둽,
105,0,0,0,255,둽껒,,1,1,0,0,0,0,0,뉙,둽,
106,0,0,0,255,둽껒,,1,1,0,0,0,0,0,뉙,둽,
107,0,0,0,255,둽껒,,1,1,0,0,0,0,0,뉙,둽,
108,0,0,0,255,둽껒,,1,1,0,0,0,0,0,뉙,둽,
109,0,0,0,255,둽껒,,1,1,0,0,0,0,0,뉙,둽,
110,0,0,0,255,둽껒,,1,1,0,0,0,0,0,뉙,둽,
111,0,0,0,255,둽껒,,1,1,0,0,0,0,0,뉙,둽,
112,0,0,0,255,둽껒,,1,1,0,0,0,0,0,뉙,둽,
113,0,0,0,255,둽껒,,1,1,0,0,0,0,0,뉙,둽,
114,0,0,0,255,둽껒,,1,1,0,0,0,0,0,뉙,둽,
115,0,0,0,255,둽껒,,1,1,0,0,0,0,0,뉙,둽,
116,0,0,0,255,둽껒,,1,1,0,0,0,0,0,뉙,둽,
117,0,0,0,255,둽껒,,1,1,0,0,0,0,0,뉙,둽,
118,0,0,0,255,둽껒,,1,1,0,0,0,0,0,뉙,둽,
119,0,0,0,255,둽껒,,1,1,0,0,0,0,0,뉙,둽,
120,0,0,0,255,둽껒,,1,1,0,0,0,0,0,뉙,둽,
121,0,0,0,255,둽껒,,1,1,0,0,0,0,0,뉙,둽,
122,0,0,0,255,둽껒,,1,1,0,0,0,0,0,뉙,둽,
123,0,0,0,255,둽껒,,1,1,0,0,0,0,0,뉙,둽,
124,0,0,0,255,둽껒,,1,1,0,0,0,0,0,뉙,둽,
125,0,0,0,255,둽껒,,1,1,0,0,0,0,0,뉙,둽,
126,0,0,0,255,둽껒,,1,1,0,0,0,0,0,뉙,둽,
127,0,0,0,255,둽껒,,1,1,0,0,0,0,0,뉙,둽,
128,0,0,0,255,둽껒,,1,1,0,0,0,0,0,뉙,둽,
129,0,0,0,255,둽껒,,1,1,0,0,0,0,0,뉙,둽,
130,0,0,0,255,둽껒,,1,1,0,0,0,0,0,뉙,둽,
131,0,0,0,255,둽껒,,1,1,0,0,0,0,0,뉙,둽,
132,0,0,0,18,둽껒,,1,1,0,0,0,0,0,뉙,둽,
133,1.48,0,7,22,둽껒,,1,1,0,0,0,0,0,뉙,둭,
134,4.21,0.7308494308428749,15.5,27,둽껒,,1,1,0,0,0,0,0,댨,둭,
135,9.26,1.1773173183016241,24,32,둽껒,,1,1,0,0,0,0,0,댨,둭,
136,14.35,1.300880100292127,27,36,둽껒,,1,1,0,0,0,0,0,댨,둭,
137,18.64,1.32837715071712,27,39,둽껒,,1,1,0,0,0,0,0,댨,둭,
138,22.33,1.0965648090880027,25.5,42,둽껒,,1,1,0,0,0,0,0,과,둭,
139,24.78,0.9026435257668094,21,45,둽껒,,1,1,0,0,0,0,0,과,둭,
140,26.26,0.513284981588789,20,48,둽껒,,2,1,0,0,0,0,0,뉟,둭,
141,27.74,0.34300497740385844,20,51,둽챔,,2,1,0,0,0,0,0,뉟,둭,
142,28.33,0.3807801218609761,14,54,둽껒,,2,1,0,0,0,0,0,뉟,둭,
143,28.14,0.03092667829051183,11.5,255,둽껒,,2,1,0,0,0,0,0,뉟,둽,
144,28.56,-0.0335683104822858,17.5,255,둽껒,,2,1,0,0,0,0,0,뉟,둽,
145,29.95,0.22853098656002999,21.5,255,둽껒,,2,1,0,0,0,0,0,뉟,둽,
146,31.38,0.4481832385613325,20,255,둽껒,,2,1,0,0,0,0,0,뉟,둽,
147,32.47,0.3201887934732281,20,255,둽껒,,2,1,0,0,0,0,0,뉟,둭,
148,33.79,0.29615004601266703,25,255,둽껒,,2,1,0,0,0,0,0,뉟,둽,
149,35.76,0.5336478604753484,23.5,255,둽껒,,2,1,0,0,0,0,0,뉟,둽,
150,36.49,0.4772556998476646,6.5,255,둽껒,,2,1,0,0,0,0,0,뉟,둽,
151,35.4,-0.133480620397485,9,255,둽껒,,2,1,0,0,0,0,0,뉟,둽,
152,34.6,-0.26899426842621027,12.5,83,둽껒,,2,1,0,0,0,0,0,뉟,둽,
153,34.67,-0.07295173891565679,17.5,86,둽껒,,2,1,0,0,0,0,0,뉟,둭,
154,35.86,0.16776677826177536,22.5,88,둽껒,,2,1,0,0,0,0,0,뉟,둭,
155,37.25,0.4535863829023542,21.5,91,둽껒,,2,1,0,0,0,0,0,뉟,둭,
156,38.32,0.28176954842816704,21.5,92,둽챔,,2,1,0,0,0,0,0,뉟,딖,
157,39.28,0.2964426631635787,21.5,93,둽챔,,2,1,0,0,0,0,0,뉟,둭,
158,40.42,0.28115162082283485,21.5,95,둽챔,,2,1,0,0,0,0,0,뉟,둭,
159,41.35,0.2713438430651435,20,96,둽챔,,2,1,0,0,0,0,0,뉟,둭,
160,41.67,0.1787678784756623,10.5,98,둽챔,,2,1,0,0,0,0,0,뉟,딖,
161,40.98,-0.12613798256095077,10.5,98,둽챔,,2,1,0,0,0,0,0,뉟,딖,
162,40.35,-0.22984640993429523,12,100,둽챔,,2,1,0,0,0,0,0,뉟,딖,
163,39.84,-0.10661595352827213,12,101,둽챔,,2,1,0,0,0,0,0,뉟,딖,
164,39.49,-0.11791159239393224,12.5,103,둽챔,,2,1,0,0,0,0,0,뉟,딖,
165,39.17,-0.141242933033342,12.5,105,둽챔,,2,1,0,0,0,0,0,뉟,딖,
166,38.61,-0.10444896459809737,13.5,106,둽챔,,2,1,0,0,0,0,0,뉟,둭,
167,38.54,-0.05149642243598138,15.5,108,둽챔,,2,1,0,0,0,0,0,뉟,둭,
168,38.65,0.01829204619693445,16.5,109,둽챔,,2,1,0,0,0,0,0,뉟,둭,
169,38.75,0.08724530102285141,17.5,255,둽껒,,2,1,0,0,0,0,0,뉟,둽,
170,39.03,0.028825997363200333,18,255,둽껒,,2,1,0,0,0,0,0,뉟,둽,
171,39.29,0.07203780643802171,17.5,255,둽껒,,2,1,0,0,0,0,0,뉟,둽,
172,39.45,0.04763606819107505,16.5,255,둽껒,,2,1,0,0,0,0,0,뉟,둽,
173,39.49,0.036623842673193865,16,255,둽껒,,2,1,0,0,0,0,0,뉟,둽,
174,39.47,-0.01562011999732459,16,255,둽껒,,2,1,0,0,0,0,0,뉟,둽,
175,39.49,0.005645889978275534,15.5,255,둽껒,,2,1,0,0,0,0,0,뉟,둽,
176,39.5,0.010482179287555371,15.5,255,둽껒,,2,1,0,0,0,0,0,뉟,둽,
177,39.36,-0.01646438995652366,15.5,255,둽껒,,2,1,0,0,0,0,0,뉟,둽,
178,39.49,0.010683761075638705,15.5,255,둽껒,,2,1,0,0,0,0,0,뉟,둽,
179,39.49,0.019581514448000048,15.5,255,둽껒,,2,1,0,0,0,0,0,뉟,둽,
180,39.47,-0.051042342230861244,16,255,둽껒,,2,1,0,0,0,0,0,뉟,둽,
181,39.64,0.0902425145585922,16,255,둽껒,,2,1,0,0,0,0,0,뉟,둽,
182,39.58,0.04821242672458034,16,255,둽껒,,2,1,0,0,0,0,0,뉟,둽,
183,39.69,-0.014076576395164828,16,255,둽껒,,2,1,0,0,0,0,0,뉟,둽,
184,39.72,0.026838430409871317,16.5,255,둽껒,,2,1,0,0,0,0,0,뉟,둽,
185,39.9,0.03098941283221468,16.5,255,둽껒,,2,1,0,0,0,0,0,뉟,둽,
186,40.03,0.05215195000099995,16.5,109,둽껒,,2,1,0,0,0,0,0,뉟,둽,
187,40.22,0.013683632959033167,16,105,둽껒,,2,1,0,0,0,0,0,뉟,둭,
188,40.2,0.04502983278598783,15.5,100,20.563197898864747,,2,1,0,0,0,0,0,뉟,둭,
189,40,-0.00822639016701853,8,95,23.54450500011444,,2,1,0,0,0,0,0,뉟,둭,
190,39.19,-0.19660715388706987,7.5,88,14.765997250874836,,2,1,0,0,0,0,0,뉟,넄,
191,38.47,-0.19321234553065356,7,79,11.046000480651855,,2,1,0,0,0,0,0,뉟,넄,
192,37.58,-0.17344435614125764,0,70,8.416666587193808,,2,1,0,0,0,0,0,뉟,넄,
193,36.29,-0.33171799047838724,0,255,7.392000993092855,,2,1,0,0,0,0,0,꺚,넄,
194,33.27,-0.6685108437448415,0,51,둽껒,,2,1,0,0,0,0,0,꺚,둭,
195,31.94,-0.5254515056268737,0,43,5.146888732910156,,2,1,0,0,0,0,0,꺚,둭,
196,30.79,-0.33738194498740176,0,38,8.298400688171387,,2,1,0,0,0,0,0,꺚,둭,
197,29.75,-0.3177733391070016,0,34,7.228799629211426,,2,1,0,0,0,0,0,꺚,둭,
198,28.42,-0.3036437504886616,0,30,8.072000503540039,,2,1,0,0,0,0,0,꺚,넄,
199,27.38,-0.33953586729618757,4,28,13.22399914264679,,2,2,0,0,0,0,0,뉟,넄,
200,26.79,-0.23572271782276946,13,27,13.634999871253967,,2,2,0,0,0,0,0,뉟,넄,
201,27.04,0.060716456690387506,15.5,26,23.711998462677002,,2,2,0,0,0,0,0,뉟,넄,
202,27.87,0.17176599419052033,17,26,둽챔,,2,2,0,0,0,0,0,뉟,넄,
203,28.64,0.25787639788538613,16.5,25,25.27499794960022,,2,2,0,0,0,0,0,뉟,넄,
204,29.12,0.1543209823882811,16.5,25,25.199997425079346,,2,2,0,0,0,0,0,뉟,넄,
205,30.13,0.25252524333545173,17,25,21.576004028320312,,2,2,0,0,0,0,0,뉟,넄,
206,30.78,0.24065539348464185,16.5,23,둽챔,,2,2,0,0,0,0,0,뉟,넄,
207,31.21,0.15614728093077615,14.5,22,23.184003114700317,,2,2,0,0,0,0,0,뉟,넄,
208,30.18,-0.08996851866330716,0,18,6.733333269755047,,2,2,1,0,0,0,0,꺚,넄,
209,29,-0.36160422952390264,0,13,4.031999588012695,,2,2,1,0,0,0,0,꺚,넄,
210,28.18,-0.30364367721507834,13,255,둽껒,,2,3,1,0,0,0,0,뉟,둽,
211,29.04,0.04940712216715925,20.5,255,둽껒,,2,3,1,0,0,0,0,뉟,둽,
212,31.32,0.4301618760546944,26.5,255,둽껒,,2,3,1,0,0,0,0,뉟,둽,
213,34.31,0.7909141708140021,28,255,둽껒,,2,3,1,0,0,0,0,뉟,둽,
214,37.11,0.7767646155582901,26,255,둽껒,,2,3,1,0,0,0,0,뉟,둽,
215,37.4,0.3862151403537273,11.5,255,둽껒,,2,3,1,0,0,0,0,뉟,둽,
216,36.97,-0.11753005181793882,14,255,둽껒,,2,3,1,0,0,0,0,뉟,둽,
217,37.31,0.07309942141393705,17.5,255,둽껒,,2,3,1,0,0,0,0,뉟,둽,
218,37.63,0.016420359550839803,18.5,255,둽껒,,2,3,1,0,0,0,0,뉟,둽,
219,37.99,0.15676567804788846,18.5,255,둽껒,,2,3,1,0,0,0,0,뉟,둽,
220,38.5,0.12626262504632907,17,255,둽껒,,2,3,1,0,0,0,0,뉟,둽,
221,38.79,0.08923429792231899,18,255,둽껒,,2,3,1,0,0,0,0,뉟,둽,
222,39.2,0.07014590280351615,17.5,255,둽껒,,2,3,1,0,0,0,0,뉟,둽,
223,39.51,0.11516948944442496,17.5,255,둽껒,,2,3,1,0,0,0,0,뉟,둽,
224,39.75,0.07295173891565679,17,255,둽껒,,2,3,1,0,0,0,0,뉟,둽,
225,40.03,0.09220836943549277,15.5,255,둽껒,,2,3,1,0,0,0,0,뉟,둽,
226,39.9,-0.0025578065060709904,14.5,255,둽껒,,2,3,1,0,0,0,0,뉟,둽,
227,40.02,-0.0308641972335471,13.5,255,둽껒,,2,3,1,0,0,0,0,뉟,둽,
228,39.74,-0.06038648264875019,14,255,둽껒,,2,3,1,0,0,0,0,뉟,둽,
229,39.39,-0.11527213672053901,14,255,둽껒,,2,3,1,0,0,0,0,뉟,둽,
230,39.22,0.0160720034879161,0.5,255,둽껒,,2,3,1,0,0,0,0,뉟,둽,
231,37.79,-0.38720538347540917,0.5,255,둽껒,,2,4,1,0,0,0,0,뉟,둽,
232,36.4,-0.33487049468852376,1,255,둽껒,,2,4,1,0,0,0,0,뉟,둽,
233,35.2,-0.3371368507485204,0.5,255,둽껒,,2,4,1,0,0,0,0,뉟,둽,
234,34,-0.326797404254294,0,255,둽껒,,2,4,1,0,0,0,0,뉟,둽,
235,32.79,-0.33389449734473686,0,255,둽껒,,2,4,1,0,0,0,0,꺚,둽,
236,30.88,-0.41806958070895617,0,255,둽껒,,2,4,1,0,0,0,0,꺚,둽,
237,26.74,-0.8911369145278474,0,255,둽껒,,2,4,1,0,0,0,0,꺚,둽,
238,22.23,-1.0792638047161482,0,255,둽껒,,2,4,1,0,0,0,0,꺚,둽,
239,18.63,-1.1748021185517268,0,255,둽껒,,2,4,1,0,0,0,0,꺚,둽,
240,16.3,-0.8336075369245443,0,255,둽껒,,2,4,1,0,0,0,0,꺚,둽,
241,15.3,-0.3778065266359132,0,255,둽껒,,2,4,1,0,0,0,0,꺚,둽,
242,14.52,-0.2208777365874388,3.5,15,둽껒,,2,5,1,0,0,0,0,뉟,둭,
243,14.11,-0.11973181104732221,2,15,둽챔,,2,5,1,0,0,0,0,뉟,둭,
244,13.63,-0.15856836291949006,1.5,14,14.056002616882324,,2,5,1,0,0,0,0,뉟,둭,
245,13.5,-0.10125888389684544,7.5,12,5.771999359130859,,2,5,1,0,0,0,0,뉟,둭,
246,13.92,0.08283044385837084,10.5,11,10.549001216888428,,2,5,1,0,0,0,0,뉟,넄,
247,14.87,0.3012663234968388,17.5,11,둽챔,,2,5,1,0,0,0,0,뉟,넄,
248,18.55,0.7908364383039113,25,14,둽챔,,2,5,1,0,0,0,0,뉟,넄,
249,21.91,0.8902075774176371,24.5,16,둽껒,,2,5,1,0,0,0,0,과,둭,
250,24.73,0.8529741780907564,24.5,20,둽껒,,2,5,1,0,0,0,0,과,둭,
251,27.45,0.7808112682943633,24,24,둽껒,,2,5,1,0,0,0,0,과,둭,
252,29.82,0.6354568772674408,23.5,28,둽껒,,3,5,1,0,0,0,0,뉟,둭,
253,31.7,0.6063585948416407,20.5,32,둽껒,,3,5,1,0,0,0,0,뉟,둭,
254,32.59,0.28482793657555666,18,36,둽껒,,3,5,1,0,0,0,0,뉟,둭,
255,32.21,0.04498425933165358,6.5,255,둽껒,,3,5,1,0,0,0,0,뉟,둽,
256,31.13,-0.2580149105312629,6,255,둽껒,,3,5,1,0,0,0,0,뉟,둽,
257,30.22,-0.26520121638318345,2.5,255,둽껒,,3,5,1,0,0,0,0,뉟,둽,
258,29.29,-0.27448401203977363,1,255,둽껒,,3,5,1,0,0,0,0,뉟,둽,
259,28.33,-0.28958609956623216,0,255,둽껒,,3,5,1,0,0,0,0,뉟,둽,
260,27.08,-0.3400241269034325,0,255,둽껒,,3,5,1,0,0,0,0,꺚,둽,
261,24.58,-0.5858280448325329,0,255,둽껒,,3,5,1,0,0,0,0,꺚,둽,
262,22.04,-0.7184380745862847,0,255,둽껒,,3,5,1,0,0,0,0,꺚,둽,
263,19.6,-0.6517094256139611,0,255,둽껒,,3,5,1,0,0,0,0,꺚,둽,
264,16.96,-0.7278912131296181,0,255,둽껒,,3,5,1,0,0,0,0,꺚,둽,
265,13.98,-0.7972473739542878,0,255,둽껒,,3,5,1,0,0,0,0,꺚,둽,
266,11.07,-0.8432034954068459,0,255,둽껒,,3,5,1,0,0,0,0,꺚,둽,
267,8.28,-0.7590759147581967,0,255,둽껒,,3,5,1,0,0,0,0,꺚,둽,
268,5.83,-0.7104701115299739,0,255,둽껒,,3,5,1,0,0,0,0,꺚,둽,
269,3.57,-0.6334320428604268,0,255,둽껒,,3,5,1,0,0,0,0,꺚,둽,
270,1.65,-0.5561173781377119,0,255,둽껒,,3,5,1,0,0,0,0,꺚,둽,
271,0,-0.55281877154494,0,255,둽껒,,3,6,1,0,0,0,0,뉙,둽,
272,0,0,0,255,둽껒,,3,6,1,0,0,0,0,뉙,둽,
273,0,0,0,255,둽껒,,3,6,1,0,0,0,0,뉙,둽,
274,0,0,0,255,둽껒,,3,6,1,0,0,0,0,뉙,둽,
275,0,0,0,255,둽껒,,3,6,1,0,0,0,0,뉙,둽,
277,0,0,0,255,둽껒,,3,6,1,0,0,0,0,뉙,둽,
278,0,0,0,255,둽껒,,3,6,1,0,0,0,0,뉙,둽,
279,0,0,0,255,둽껒,,3,6,1,0,0,0,0,뉙,둽,
280,0,0,0,255,둽껒,,3,6,1,0,0,0,0,뉙,둽,
281,0,0,0,255,둽껒,,3,6,1,0,0,0,0,뉙,둽,
282,0,0,0,255,둽껒,,3,6,1,0,0,0,0,뉙,둽,
283,0,0,0,255,둽껒,,3,6,1,0,0,0,0,뉙,둽,
284,0,0,0,255,둽껒,,3,6,1,0,0,0,0,뉙,둽,
285,0,0,0,255,둽껒,,3,6,1,0,0,0,0,뉙,둽,
286,0,0,0,255,둽껒,,3,6,1,0,0,0,0,뉙,둽,
287,0,0,0,255,둽껒,,3,6,1,0,0,0,0,뉙,둽,
288,0,0,0,255,둽껒,,3,6,1,0,0,0,0,뉙,둽,
289,0,0,0,255,둽껒,,3,6,1,0,0,0,0,뉙,둽,
290,0,0,0,255,둽껒,,3,6,1,0,0,0,0,뉙,둽,
291,0,0,0,255,둽껒,,3,6,1,0,0,0,0,뉙,둽,
292,0,0,0,255,둽껒,,3,6,1,0,0,0,0,뉙,둽,
293,0,0,0,255,둽껒,,3,6,1,0,0,0,0,뉙,둽,
294,0,0,0,255,둽껒,,3,6,1,0,0,0,0,뉙,둽,
295,0,0,0,255,둽껒,,3,6,1,0,0,0,0,뉙,둽,
296,0,0,0,255,둽껒,,3,6,1,0,0,0,0,뉙,둽,
297,0,0,0,255,둽껒,,3,6,1,0,0,0,0,뉙,둽,
298,0,0,0,255,둽껒,,3,6,1,0,0,0,0,뉙,둽,
299,0,0,0,255,둽껒,,3,6,1,0,0,0,0,뉙,둽,
300,0,0,0,15,둽껒,,3,6,1,0,0,0,0,뉙,둭,
301,1.79,0,14.5,17,2.1398749351501465,,3,6,1,0,0,0,0,뉙,둭,
302,6.23,1.1472222222222224,21.5,22,둽껒,,3,6,1,0,0,0,0,댨,둭,
303,12.57,1.3560063855436224,27,26,둽껒,,3,6,1,0,0,0,0,댨,둭,
304,17.38,1.3360244472053697,27.5,27,둽챔,,3,6,1,0,0,0,0,댨,둭,
305,21.17,1.228632263702502,21,27,둽챔,,3,6,1,0,0,0,0,댨,둭,
306,21.98,0.40990133219900426,13,25,17.49799633026123,,4,6,1,0,0,0,0,뉟,둭,
307,21.89,0.1641712719750845,7.5,23,10.368000984191895,,4,6,1,0,0,0,0,뉟,넄,
308,21.44,-0.1760112585326503,0,19,5.759998957316082,,4,6,1,0,0,0,0,뉟,넄,
309,19.07,-0.36375665092504683,0,255,둽껒,,4,6,2,0,0,0,0,꺚,둽,
310,16.32,-0.7161858216998772,0,255,둽껒,,4,6,2,0,0,0,0,꺚,둽,
311,13.44,-0.8097164725735424,0,255,둽껒,,4,6,2,0,0,0,0,꺚,둽,
312,12.09,-0.594455437929446,0,255,둽껒,,4,6,2,0,0,0,0,꺚,둽,
313,10.85,-0.3501077818728689,0,255,둽껒,,4,6,2,0,0,0,0,꺚,둽,
314,10.22,-0.2566424907943945,1,255,둽껒,,4,6,2,0,0,0,0,꺚,둽,
315,10.8,0.08525852665762354,14,255,둽껒,,4,7,2,0,0,0,0,뉟,둽,
316,14.73,0.7098765363715833,25,255,둽껒,,4,7,2,0,0,0,0,뉟,둽,
317,19.69,1.408730062768039,27,255,둽껒,,4,7,2,0,0,0,0,과,둽,
319,23.31,1.319845842866631,30,255,둽껒,,4,7,2,0,0,0,0,과,둽,
320,28.84,1.2640447948274425,29.5,50,둽껒,,4,7,2,0,0,0,0,과,둽,
321,32.54,1.1242138971648132,28,52,둽껒,,4,7,2,0,0,0,0,과,둭,
322,35.36,0.9086725724485004,26,53,둽챔,,4,7,2,0,0,0,0,과,둭,
323,37.46,0.6855325139182107,18.5,53,둽챔,,5,7,2,0,0,0,0,뉟,둭,
324,38.06,0.37018755751583377,8,53,둽챔,,5,7,2,0,0,0,0,뉟,넄,
325,37.9,-0.016979080148047495,13.5,52,46.69600009918213,,5,7,2,0,0,0,0,뉟,넄,
326,38.42,0.15779092167917025,13,52,둽챔,,5,7,2,0,0,0,0,뉟,넄,
327,38.59,0.07698229966758134,14,53,둽챔,,5,7,2,0,0,0,0,뉟,넄,
328,38.47,0.049455999849072264,14.5,54,둽챔,,5,7,2,0,0,0,0,뉟,넄,
329,38.59,0.0532612091959838,15.5,56,둽챔,,5,7,2,0,0,0,0,뉟,넄,
330,38.36,-0.012470382386935888,15.5,56,둽챔,,5,7,2,0,0,0,0,뉟,넄,
331,38.96,0.07032349144073906,20.5,57,둽챔,,5,7,2,0,0,0,0,뉟,넄,
333,38.79,0.09167584232932961,18.5,57,둽껒,,5,7,2,0,0,0,0,뉟,둭,
334,39.15,0,17,56,2.043034652183796,,5,7,2,0,0,0,0,뉟,둭,
335,39.34,0.06325631129769133,17,54,55.33000230789185,,5,7,2,0,0,0,0,뉟,둭,
336,39.22,-0.02161694356922956,15.5,52,40.49199676513672,,5,7,2,0,0,0,0,뉟,넄,
337,38.57,-0.007913897899399195,5.5,50,34.996005058288574,,5,7,2,0,0,0,0,뉟,넄,
338,37.15,-0.4279835693284975,6,48,30.52700710296631,,5,7,2,0,0,0,0,뉟,넄,
339,36.32,-0.3570492453671293,6,46,20.209997534751892,,5,7,2,0,0,0,0,뉟,넄,
340,34.33,-0.31147357002042697,6.5,46,둽챔,,5,7,2,0,0,0,0,뉟,넄,
341,32.95,-0.40418451263238725,8,46,둽챔,,5,7,2,0,0,0,0,뉟,넄,
342,31.67,-0.4121331862888962,21,47,둽챔,,5,7,2,0,0,0,0,뉟,넄,
343,31.68,-0.16293119907928194,21.5,47,둽챔,,5,7,2,0,0,0,0,뉟,넄,
344,34.63,0.4291846219649378,27.5,49,둽챔,,5,7,2,0,0,0,0,뉟,넄,
345,36.08,0.36507934021030863,28.5,255,둽챔,,5,7,2,0,0,0,0,뉟,넄,
346,37.45,0.386293875458512,25.5,52,둽챔,,5,7,2,0,0,0,0,뉟,둭,
347,38.69,0.2358490693352755,25.5,53,둽챔,,5,7,2,0,0,0,0,뉟,둭,
348,39.88,0.35037562489984025,25,54,둽챔,,5,7,2,0,0,0,0,뉟,둭,
349,40.53,0.3019323421110524,18,54,둽챔,,5,7,2,0,0,0,0,뉟,둭,
350,40.68,0.10413148831759685,18.5,55,둽챔,,5,7,2,0,0,0,0,뉟,넄,
351,41.17,0.09559707576332173,15.5,54,둽챔,,5,7,2,0,0,0,0,뉟,넄,
352,42.49,0.25892153851943,13.5,54,둽챔,,5,7,2,0,0,0,0,뉟,넄,
353,43.08,0.24179039390763793,10.5,54,둽껒,,5,7,2,0,0,0,0,뉟,둽,
354,43.43,0.0904902918372038,10,52,둽껒,,5,7,2,0,0,0,0,뉟,둭,
355,44.05,0.1454764921080525,10,51,52.519999504089355,,5,7,2,0,0,0,0,뉟,둭,
356,44.33,0.16967704869201128,9,50,51.4080069065094,,5,7,2,0,0,0,0,뉟,둭,
357,44.73,0.1006870448755918,9,49,47.94999361038208,,5,7,2,0,0,0,0,뉟,넄,
359,44.6,0,9,47,39.216007232666016,,5,7,2,0,0,0,0,뉟,넄,
360,44.06,-0.0949667506027894,10,45,38.133999824523926,,5,7,2,0,0,0,0,뉟,넄,
361,43.87,-0.07011217804059859,9.5,42,17.629998564720154,,5,7,2,0,0,0,0,뉟,넄,
362,43.51,-0.07006264166911237,0,40,29.397000312805172,,5,7,2,0,0,0,0,뉟,넄,
363,42.86,-0.10344828946978989,0,38,29.000005722045902,,5,7,2,0,0,0,0,꺚,넄,
364,40.75,-0.2659574137547846,0,34,13.085999965667723,,5,7,2,0,0,0,0,꺚,넄,
365,37.81,-0.781745978493813,0,30,7.920000314712524,,5,7,2,0,0,0,0,꺚,넄,
366,34.46,-0.9131369226673435,0,27,10.752001762390138,,5,7,2,0,0,0,0,꺚,넄,
367,34.09,-0.48500881495357695,0,26,11.002500772476196,,5,7,2,0,0,0,0,꺚,넄,
368,33.47,-0.1221001345762395,2.5,26,둽챔,,5,7,2,0,0,0,0,꺚,넄,
369,33.4,-0.10317459614639157,8.5,27,둽챔,,5,8,2,0,0,0,0,뉟,넄,
370,34.03,0.022341374686489713,16.5,30,둽챔,,5,8,2,0,0,0,0,뉟,넄,
371,35.07,0.25793649036597893,19.5,32,둽챔,,5,8,2,0,0,0,0,뉟,넄,
372,36.44,0.3759730943039517,14.5,34,둽챔,,5,8,2,0,0,0,0,뉟,둭,
373,36.9,0.23880109047460304,14.5,36,둽챔,,5,8,2,0,0,0,0,뉟,둭,
374,37.65,0.14807502300633352,15.5,39,둽챔,,5,8,2,0,0,0,0,뉟,둭,
375,37.85,0.15828678177178485,15.5,39,둽챔,,5,8,2,0,0,0,0,뉟,둭,
376,38.34,0.07066753127740222,16.5,39,둽챔,,5,8,2,0,0,0,0,뉟,넄,
378,38.53,0.14483067763264773,14.5,37,둽챔,,5,8,2,0,0,0,0,뉟,넄,
379,38.49,-0.011526051880731763,14.5,31,8.160000324249268,,5,8,2,0,0,0,0,뉟,넄,
380,38.39,-0.02039484435475642,15,85,5.429999828338623,,5,8,2,0,0,0,0,뉟,넄,
381,38.22,-0.021533163031399072,16.5,89,둽챔,,5,8,2,0,0,0,0,뉟,둭,
382,37.81,-0.06172839942237944,17.5,92,둽챔,,5,8,2,0,0,0,0,뉟,둭,
383,37.54,-0.11181732512259712,18.5,98,둽껒,,5,8,2,0,0,0,0,뉟,둭,
384,37.68,-0.07057362472844417,22,255,둽껒,,5,8,2,0,0,0,0,뉟,둭,
385,37.94,0.1787678784756623,20.5,107,둽껒,,5,8,2,0,0,0,0,뉟,둽,
386,38.39,0.050154335602652075,22.5,255,둽껒,,5,8,2,0,0,0,0,뉟,둭,
387,38.67,0.10434656449944267,22,255,둽껒,,5,8,2,0,0,0,0,뉟,둽,
388,39.29,0.1590435432290249,22.5,255,둽껒,,5,8,2,0,0,0,0,뉟,둽,
389,39.68,0.08969613839491691,22.5,255,둽껒,,5,8,2,0,0,0,0,뉟,둽,
390,40.14,0.09521933774554898,22.5,255,둽껒,,5,8,2,0,0,0,0,뉟,둽,
391,40.69,0.11861033435338088,22.5,255,둽껒,,5,8,2,0,0,0,0,뉟,둽,
392,41.3,0.15552664315939158,22.5,255,둽껒,,5,8,2,0,0,0,0,뉟,둽,
393,41.82,0.11527592172650093,22,255,둽껒,,5,8,2,0,0,0,0,뉟,둽,
395,42.27,0.12311482439485498,21.5,255,둽껒,,5,8,2,0,0,0,0,뉟,둽,
396,43.13,0.1692828276424024,20.5,255,둽껒,,5,8,2,0,0,0,0,뉟,둽,
397,43.16,0.1992337426825583,0,255,둽껒,,5,8,2,0,0,0,0,뉟,둽,
398,40.95,-0.47470712193342834,0,255,둽껒,,5,8,2,0,0,0,0,꺚,둽,
399,39.9,-0.4623207259209976,3.5,255,둽껒,,5,9,2,0,0,0,0,뉟,둽,
400,39.06,-0.17470298812592286,10.5,255,둽껒,,5,9,2,0,0,0,0,뉟,둽,
401,39,-0.13009845916536728,12,255,둽껒,,5,9,2,0,0,0,0,뉟,둽,
402,39.07,0.014854423740422708,12,255,둽껒,,5,9,2,0,0,0,0,뉟,둽,
403,38.82,0.03246753327177799,17,255,둽껒,,5,9,2,0,0,0,0,뉟,둽,
404,39.54,-0.02150537369774763,15.5,255,둽껒,,5,9,2,0,0,0,0,뉟,둽,
405,40,0.08972633099385781,16,255,둽껒,,5,9,2,0,0,0,0,뉟,둽,
407,40.43,0.08717705174424038,16,255,둽껒,,5,9,2,0,0,0,0,뉟,둽,
408,40.83,0.0962962962962963,16,255,둽껒,,5,9,2,0,0,0,0,뉟,둽,
409,41.29,0.06468797395670828,16,255,둽껒,,5,9,2,0,0,0,0,뉟,둽,
410,41.64,0.15266606035767968,15.5,255,둽껒,,5,9,2,0,0,0,0,뉟,둽,
411,42.25,0.08148148148148147,15.5,255,둽껒,,5,9,2,0,0,0,0,뉟,둽,
412,42.58,0.09271623475262272,15.5,255,둽껒,,5,9,2,0,0,0,0,뉟,둽,
413,42.77,0.025252525878049544,0.5,255,둽껒,,5,9,2,0,0,0,0,뉟,둽,
414,42.13,-0.09934825823528368,0,255,둽껒,,5,9,2,0,0,0,0,뉟,둽,
415,41.8,-0.1547208158336873,0,255,둽껒,,5,9,2,0,0,0,0,꺚,둽,
416,41.36,-0.11619461006482248,0,255,둽껒,,5,9,2,0,0,0,0,꺚,둽,
418,40.89,-0.13062858798162663,0,255,둽껒,,5,9,2,0,0,0,0,꺚,둽,
419,40.6,-0.048794093148448396,0,255,둽껒,,5,9,2,0,0,0,0,꺚,둽,
420,40.42,-0.01913069908925498,0,255,둽껒,,5,9,2,0,0,0,0,꺚,둽,
421,39.97,-0.057710073935088285,0,255,둽껒,,5,9,2,0,0,0,0,꺚,둽,
422,39.61,-0.1259355088786377,0,255,둽껒,,5,9,2,0,0,0,0,꺚,둽,
423,39.14,-0.07330246622302417,0,255,둽껒,,5,9,2,0,0,0,0,꺚,둽,
424,38.28,-0.15024456978829365,0,255,둽껒,,5,9,2,0,0,0,0,꺚,둽,
425,37.18,-0.21252799685266094,0,255,둽껒,,5,9,2,0,0,0,0,꺚,둽,
427,36.06,-0.2962962962962963,0,255,둽껒,,5,9,2,0,0,0,0,꺚,둽,
428,33.68,-0.4222222222222222,0,255,둽껒,,5,9,2,0,0,0,0,꺚,둽,
429,31.5,-0.6194760134577053,0,255,둽껒,,5,9,2,0,0,0,0,꺚,둽,
430,27.44,-0.8398829298202434,0,255,둽껒,,5,9,2,0,0,0,0,꺚,둽,
431,24.02,-1.0074074074074075,0,255,둽껒,,5,9,2,0,0,0,0,꺚,둽,
432,19.27,-1.0161696094257704,0,255,둽껒,,5,9,2,0,0,0,0,꺚,둽,
434,15.71,-1.051258473995177,0,255,둽껒,,5,9,2,0,0,0,0,꺚,둽,
435,11.15,-0.9511302756850682,0,255,둽껒,,5,9,2,0,0,0,0,꺚,둽,
436,7.91,-0.9888107188713342,0,255,둽껒,,5,9,2,0,0,0,0,꺚,둽,
437,5.45,-0.7348908549203219,0,255,둽껒,,5,9,2,0,0,0,0,꺚,둽,
438,3.6,-0.6859548379811189,0,255,둽껒,,5,9,2,0,0,0,0,꺚,둽,
439,0.71,-0.6335910466042763,0,255,둽껒,,5,9,2,0,0,0,0,꺚,둽,
440,0,-0.6336680771103349,0,255,둽껒,,5,9,2,0,0,0,0,꺚,둽,
441,0,-0.0503144635981027,0,255,둽껒,,5,10,2,0,0,0,0,뉙,둽,
442,0,0,0,255,둽껒,,5,10,2,0,0,0,0,뉙,둽,
443,0,0,0,30,둽껒,,5,10,2,0,0,0,0,뉙,둽,
444,0,0,0,31,둽껒,,5,10,2,0,0,0,0,뉙,둭,
445,0,0,0,36,둽껒,,5,10,2,0,0,0,0,뉙,둭,
446,0,0,0,43,둽껒,,5,10,2,0,0,0,0,뉙,둭,
447,0,0,0,49,둽껒,,5,10,2,0,0,0,0,뉙,둭,
448,0,0,0,54,둽껒,,5,10,2,0,0,0,0,뉙,둭,
449,0,0,0,63,둽껒,,5,10,2,0,0,0,0,뉙,둭,
450,0,0,0,70,둽껒,,5,10,2,0,0,0,0,뉙,둭,
451,0,0,0,79,둽껒,,5,10,2,0,0,0,0,뉙,둭,
452,0,0,0,87,둽껒,,5,10,2,0,0,0,0,뉙,둭,
453,0,0,0,42,0.6240001022815704,,5,10,2,0,0,0,0,뉙,둭,
454,0,0,0,50,둽껒,,5,10,2,0,0,0,0,뉙,둭,
455,0,0,0,61,둽껒,,5,10,2,0,0,0,0,뉙,둭,
456,0,0,0,71,둽껒,,5,10,2,0,0,0,0,뉙,둭,
457,0,0,0,81,둽껒,,5,10,2,0,0,0,0,뉙,둭,
458,0,0,0,91,둽껒,,5,10,2,0,0,0,0,뉙,둭,
459,0,0,0,99,둽껒,,5,10,2,0,0,0,0,뉙,둭,
461,0,0,0,107,둽껒,,5,10,2,0,0,0,0,뉙,둭,
462,0,0,0,255,둽껒,,5,10,2,0,0,0,0,뉙,둽,
463,0,0,0,255,둽껒,,5,10,2,0,0,0,0,뉙,둽,
464,0,0,0,255,둽껒,,5,10,2,0,0,0,0,뉙,둽,
465,0,0,0,255,둽껒,,5,10,2,0,0,0,0,뉙,둽,
466,0,0,0,255,둽껒,,5,10,2,0,0,0,0,뉙,둽,
467,0,0,0,255,둽껒,,5,10,2,0,0,0,0,뉙,둽,
468,0,0,0,255,둽껒,,5,10,2,0,0,0,0,뉙,둽,
469,0,0,0,255,둽껒,,5,10,2,0,0,0,0,뉙,둽,
470,0,0,0,255,둽껒,,5,10,2,0,0,0,0,뉙,둽,
471,0,0,0,255,둽껒,,5,10,2,0,0,0,0,뉙,둽,
473,1.73,0,15.5,255,둽껒,,5,10,2,0,0,0,0,뉙,둽,
474,6.33,0.9399938909810888,21,255,둽껒,,5,10,2,0,0,0,0,댨,둽,
475,9.84,1.0486390298991375,24,255,둽껒,,5,10,2,0,0,0,0,댨,둽,
476,14.44,1.0503229987812694,25,255,둽껒,,5,10,2,0,0,0,0,댨,둽,
477,17.75,0.9061201369837445,27,255,둽껒,,5,10,2,0,0,0,0,댨,둽,
478,21.71,0.895706652246731,26,255,둽껒,,5,10,2,0,0,0,0,과,둽,
479,24.21,0.7782099684922641,25.5,255,둽껒,,5,10,2,0,0,0,0,과,둽,
480,26.1,0.6818181987073377,25.5,255,둽껒,,6,10,2,0,0,0,0,뉟,둽,
481,29.54,0.7007330728720885,25.5,255,둽껒,,6,10,2,0,0,0,0,뉟,둽,
482,30.88,0.5732532117890445,25,255,둽껒,,6,10,2,0,0,0,0,뉟,둽,
483,32.86,0.4619758529585976,24.5,255,둽껒,,6,10,2,0,0,0,0,뉟,둽,
484,34.28,0.37840567489182747,23.5,255,둽껒,,6,10,2,0,0,0,0,뉟,둽,
485,34.93,0.3266143623189412,21.5,255,둽껒,,6,10,2,0,0,0,0,뉟,둽,
487,35.29,0.12345678521772491,19.5,255,둽껒,,6,10,2,0,0,0,0,뉟,둽,
488,34.93,-0.025960537467081723,15.5,255,둽껒,,6,10,2,0,0,0,0,뉟,둽,
489,34.59,-0.1736111365500185,2.5,255,둽껒,,6,10,2,0,0,0,0,뉟,둽,
490,32.75,-0.3740740740740741,0,255,둽껒,,6,10,2,0,0,0,0,꺚,둽,
491,31.07,-0.4581529695017561,0,255,둽껒,,6,10,2,0,0,0,0,꺚,둽,
492,29.47,-0.34797870415892673,0,255,둽껒,,6,10,2,0,0,0,0,꺚,둽,
493,28.35,-0.3568291315857892,0,255,둽껒,,6,10,2,0,0,0,0,꺚,둽,
494,26.59,-0.37262878370928887,0,45,둽껒,,6,10,2,0,0,0,0,꺚,둽,
495,22.57,-0.6928454574762225,0,255,둽껒,,6,10,2,0,0,0,0,꺚,둭,
496,15.91,-1.6869097249370089,0,255,둽껒,,6,10,2,0,0,0,0,꺚,둽,
498,10.26,-1.9751760474660975,0,255,둽껒,,6,10,2,0,0,0,0,꺚,둽,
499,8.83,-0.4514844985064176,0,255,둽껒,,6,10,2,0,0,0,0,꺚,둽,
500,8.39,-0.12176559803615675,0,255,둽껒,,6,10,2,0,0,0,0,꺚,둽,
501,8.19,-0.1229399306203174,0,255,둽껒,,6,10,2,0,0,0,0,꺚,둽,
502,8.18,-0.021725636713774386,0.5,255,둽껒,,6,11,2,0,0,0,0,뉟,둽,
503,8.02,-0.008114249012392969,0,255,둽껒,,6,11,2,0,0,0,0,꺚,둽,
504,6.51,-0.22653003424593612,0,255,둽껒,,6,11,2,0,0,0,0,꺚,둽,
505,4.12,-0.5,0,255,둽껒,,6,11,2,0,0,0,0,꺚,둽,
506,1.26,-0.6350268173123784,0,102,둽껒,,6,11,2,0,0,0,0,꺚,둭,
507,0,-0.5466309836708271,0,255,둽껒,,6,11,2,0,0,0,0,꺚,둭,
508,0,-0.20805664326766365,0,255,둽껒,,6,12,2,0,0,0,0,뉙,둽,
509,0,0,0,255,둽껒,,6,12,2,0,0,0,0,뉙,둽,
510,0.72,0,0,255,둽껒,,6,12,2,0,0,0,0,뉙,둽,
511,0.83,0.21996612923656853,0,255,둽껒,,6,12,2,0,0,0,0,뉙,둽,
512,2.12,0.18343816503854757,2.5,255,둽껒,,6,12,2,0,0,0,0,뉙,둽,
513,3.25,0.3694581766778211,5,255,둽껒,,6,12,2,0,0,0,0,댨,둽,
514,5.29,0.432539653075257,5,255,둽껒,,6,12,2,0,0,0,0,댨,둽,
515,5.41,0.3999135796971661,0,255,둽껒,,6,12,2,0,0,0,0,댨,둽,
516,3.51,-0.22349934999729915,0,255,둽껒,,6,12,2,0,0,0,0,댨,둽,
517,2.76,-0.4617217435207873,0,255,둽껒,,6,12,2,0,0,0,0,댨,둽,
518,3.36,-0.032026649127658534,0,255,둽껒,,6,12,2,0,0,0,0,댨,둽,
519,7.37,0.41666657944037544,22,255,둽껒,,6,12,2,0,0,0,0,댨,둽,
521,11.28,1.3276709528017219,27.5,255,둽껒,,6,12,2,0,0,0,0,댨,둽,
522,18.62,1.5877046248180025,29.5,255,둽껒,,6,12,2,0,0,0,0,댨,둽,
523,21.75,1.6366194371662912,26,255,둽껒,,6,12,2,0,0,0,0,댨,둽,
524,25.91,0.9593931550141046,23.5,255,둽껒,,6,12,2,0,0,0,0,과,둽,
525,28.36,0.7841905481562051,26.5,255,둽껒,,6,12,2,0,0,0,0,과,둽,
526,31.31,0.7442349079718147,26,255,둽껒,,7,12,2,0,0,0,0,뉟,둽,
527,32.43,0.6294471161155257,5,255,둽껒,,7,12,2,0,0,0,0,뉟,둽,
528,31.57,-0.24203535122468456,4.5,255,둽껒,,7,12,2,0,0,0,0,뉟,둽,
529,30.39,-0.28401994155382043,15.5,255,둽껒,,7,12,2,0,0,0,0,뉟,둽,
530,30.9,-0.10582011329550761,17.5,255,둽껒,,7,12,2,0,0,0,0,뉟,둽,
531,32.34,0.2404535797826565,24.5,255,둽껒,,7,12,2,0,0,0,0,뉟,둽,
532,34.26,0.3643578733832864,23.5,255,둽껒,,7,12,2,0,0,0,0,뉟,둽,
533,35.81,0.4157705581564541,18.5,255,둽껒,,7,12,2,0,0,0,0,뉟,둽,
534,36.6,0.1440922343327371,17,255,둽껒,,7,12,2,0,0,0,0,뉟,둽,
535,37.2,0.13409959039878885,12.5,255,둽껒,,7,12,2,0,0,0,0,뉟,둽,
536,36.75,0.05872679675571546,7.5,255,둽껒,,7,12,2,0,0,0,0,뉟,둽,
537,35.71,-0.20964359361005758,8.5,255,둽껒,,7,12,2,0,0,0,0,뉟,둽,
538,35.11,-0.17722300354005135,9.5,255,둽껒,,7,12,2,0,0,0,0,뉟,둽,
539,34.68,-0.14741807702874254,8.5,255,둽껒,,7,12,2,0,0,0,0,뉟,둽,
540,33.79,-0.19072225917166993,8.5,255,둽껒,,7,12,2,0,0,0,0,뉟,둽,
541,33.26,-0.24536530690085245,7.5,255,둽껒,,7,12,2,0,0,0,0,뉟,둽,
542,32.09,-0.21313764551362585,0.5,255,둽껒,,7,12,2,0,0,0,0,뉟,둽,
543,31.09,-0.22667902032105797,0,255,둽껒,,7,12,2,0,0,0,0,꺚,둽,
544,29.02,-0.36841660654798,0,255,둽껒,,7,12,2,0,0,0,0,꺚,둽,
545,26.29,-0.7115812867122348,0,255,둽껒,,7,12,2,0,0,0,0,꺚,둽,
547,23.36,-0.7147065720103685,0,255,둽껒,,7,12,2,0,0,0,0,꺚,둽,
548,18.77,-1.0307829726023834,0,255,둽껒,,7,12,2,0,0,0,0,꺚,둽,
549,16.27,-0.9572544160393655,0,255,둽껒,,7,12,2,0,0,0,0,꺚,둽,
550,11.89,-0.8938547676524321,0,255,둽껒,,7,12,2,0,0,0,0,꺚,둽,
551,7.07,-0.9630141495357278,0,255,둽껒,,7,12,2,0,0,0,0,꺚,둽,
552,5.21,-0.9159306029611008,0,255,둽껒,,7,12,2,0,0,0,0,꺚,둽,
553,1.29,-0.7914846057361524,0,255,둽껒,,7,12,2,0,0,0,0,꺚,둽,
554,0,-0.731158655372759,0,255,둽껒,,7,12,2,0,0,0,0,꺚,둽,
555,0,0,0,255,둽껒,,7,13,2,0,0,0,0,뉙,둽,
557,0,0,0,255,둽껒,,7,13,2,0,0,0,0,뉙,둽,
558,0,0,0,255,둽껒,,7,13,2,0,0,0,0,뉙,둽,
559,0,0,0,255,둽껒,,7,13,2,0,0,0,0,뉙,둽,
560,0,0,0,255,둽껒,,7,13,2,0,0,0,0,뉙,둽,
561,0,0,0,255,둽껒,,7,13,2,0,0,0,0,뉙,둽,
562,0,0,0,255,둽껒,,7,13,2,0,0,0,0,뉙,둽,
563,0,0,0,255,둽껒,,7,13,2,0,0,0,0,뉙,둽,
564,0,0,0,255,둽껒,,7,13,2,0,0,0,0,뉙,둽,
565,0,0,0,255,둽껒,,7,13,2,0,0,0,0,뉙,둽,
566,0,0,0,255,둽껒,,7,13,2,0,0,0,0,뉙,둽,
567,0,0,0,255,둽껒,,7,13,2,0,0,0,0,뉙,둽,
569,0,0,0,255,둽껒,,7,13,2,0,0,0,0,뉙,둽,
570,0,0,0,255,둽껒,,7,13,2,0,0,0,0,뉙,둽,
571,0,0,0,255,둽껒,,7,13,2,0,0,0,0,뉙,둽,
572,0,0,0,255,둽껒,,7,13,2,0,0,0,0,뉙,둽,
573,0,0,0,255,둽껒,,7,13,2,0,0,0,0,뉙,둽,
574,0,0,0,255,둽껒,,7,13,2,0,0,0,0,뉙,둽,
575,0,0,0,39,둽껒,,7,13,2,0,0,0,0,뉙,둭,
576,0,0,0,49,둽껒,,7,13,2,0,0,0,0,뉙,둭,
577,0,0,0,56,둽껒,,7,13,2,0,0,0,0,뉙,둭,
578,0,0,0,40,2.3857137135096957,,7,13,2,0,0,0,0,뉙,둭,
579,0,0,0,57,2.3857137135096957,,7,13,2,0,0,0,0,뉙,둭,
580,0,0,0,59,2.3857137135096957,,7,13,2,0,0,0,0,뉙,둭,
581,0,0,0,75,둽껒,,7,13,2,0,0,0,0,뉙,둭,
582,0,0,0,91,둽껒,,7,13,2,0,0,0,0,뉙,둭,
583,0,0,0,102,둽껒,,7,13,2,0,0,0,0,뉙,둭,
584,0,0,0,55,둽껒,,7,13,2,0,0,0,0,뉙,둽,
585,0,0,0,63,둽껒,,7,13,2,0,0,0,0,뉙,둭,
587,0,0,0,69,둽껒,,7,13,2,0,0,0,0,뉙,둭,
588,0,0,0,255,둽껒,,7,13,2,0,0,0,0,뉙,둽,
589,0,0,0,255,둽껒,,7,13,2,0,0,0,0,뉙,둽,
590,0,0,0,255,둽껒,,7,13,2,0,0,0,0,뉙,둽,
591,0,0,0,255,둽껒,,7,13,2,0,0,0,0,뉙,둽,
592,0,0,0,255,둽껒,,7,13,2,0,0,0,0,뉙,둽,
593,0,0,0,255,둽껒,,7,13,2,0,0,0,0,뉙,둽,
594,0,0,0,255,둽껒,,7,13,2,0,0,0,0,뉙,둽,
595,0,0,0,255,둽껒,,7,13,2,0,0,0,0,뉙,둽,
596,2.18,0.3079365079365079,13,255,둽껒,,7,13,2,0,0,0,0,뉙,둽,
597,6.7,1.1957672500706489,22.5,255,둽껒,,7,13,2,0,0,0,0,댨,둽,
598,14.54,1.3544019312444886,27,255,둽껒,,7,13,2,0,0,0,0,댨,둽,
599,17.73,1.6037522543759155,28,255,둽껒,,7,13,2,0,0,0,0,댨,둽,
600,22.6,1.5068990840969179,27,255,둽껒,,7,13,2,0,0,0,0,댨,둽,
601,26.47,1.3407112917641733,25.5,255,둽껒,,7,13,2,0,0,0,0,과,둽,
602,31.42,0.9449825411463688,21,255,둽껒,,7,13,2,0,0,0,0,과,둽,
603,32.93,0.8088039736932839,17.5,255,둽껒,,7,13,2,0,0,0,0,과,둽,
604,34,0.3921136795798158,14.5,255,둽껒,,8,13,2,0,0,0,0,뉟,둽,
605,34.42,0.07425972172593182,10.5,255,둽껒,,8,13,2,0,0,0,0,뉟,둽,
607,34.54,0.05701255218295761,11,255,둽껒,,8,13,2,0,0,0,0,뉟,둽,
608,35.5,0.17617175390669293,12,255,둽껒,,8,13,2,0,0,0,0,뉟,둽,
609,35.74,0.1957070452560549,11.5,255,둽껒,,8,13,2,0,0,0,0,뉟,둽,
610,36.15,0.10943734361169856,11.5,255,둽껒,,8,13,2,0,0,0,0,뉟,둽,
611,35.97,-0.07032349144073907,12.5,255,둽껒,,8,13,2,0,0,0,0,뉟,둽,
612,35.79,-0.007122507383759137,13,255,둽껒,,8,13,2,0,0,0,0,뉟,둽,
613,35.69,-0.07210934267584773,15.5,255,둽껒,,8,13,2,0,0,0,0,뉟,둽,
614,35.57,-0.04582629078956131,15,255,둽껒,,8,13,2,0,0,0,0,뉟,둽,
615,35.19,-0.10469831133477085,18,255,둽껒,,8,13,2,0,0,0,0,뉟,둽,
616,35.15,-0.029797378304931968,17.5,255,둽껒,,8,13,2,0,0,0,0,뉟,둽,
617,35.32,0.014968781864604493,19,255,둽껒,,8,13,2,0,0,0,0,뉟,둽,
618,35.54,0.10193679765557498,18.5,255,둽껒,,8,13,2,0,0,0,0,뉟,둽,
619,35.34,-0.06952721604484126,18.5,255,둽껒,,8,13,2,0,0,0,0,뉟,둽,
620,35.28,-0.03598157396532506,18.5,255,둽껒,,8,13,2,0,0,0,0,뉟,둽,
621,34.9,-0.022888055941906748,19.5,255,둽껒,,8,13,2,0,0,0,0,뉟,둽,
622,34.83,-0.07387708279875847,22,255,둽껒,,8,13,2,0,0,0,0,뉟,둽,
623,35.47,0.06734006344791649,22,255,둽껒,,8,13,2,0,0,0,0,뉟,둽,
624,36.38,0.20984489125618247,21.5,255,둽껒,,8,13,2,0,0,0,0,뉟,둽,
626,37.13,0.16675445929026164,22,255,둽껒,,8,13,2,0,0,0,0,뉟,둽,
627,38.03,0.2276234477451803,18,255,둽껒,,8,13,2,0,0,0,0,뉟,둽,
628,38.33,0.13964785038789126,18.5,255,둽껒,,8,13,2,0,0,0,0,뉟,둽,
629,38.9,0.12850930209625475,18,255,둽껒,,8,13,2,0,0,0,0,뉟,둽,
630,39.02,0.10683758276510615,14.5,255,둽껒,,8,13,2,0,0,0,0,뉟,둽,
631,39.22,0.045402015678196864,15,255,둽껒,,8,13,2,0,0,0,0,뉟,둽,
632,39.15,-0.02453385543645806,15,255,둽껒,,8,13,2,0,0,0,0,뉟,둽,
633,39.1,0.0036987723646631394,15,255,둽껒,,8,13,2,0,0,0,0,뉟,둽,
634,39.44,0.07915946272371513,11,255,둽껒,,8,13,2,0,0,0,0,뉟,둽,
635,38.96,-0.015410695960004463,9.5,255,둽껒,,8,13,2,0,0,0,0,뉟,둽,
636,38.44,-0.16583746946507227,9.5,255,둽껒,,8,13,2,0,0,0,0,뉟,둭,
638,38.21,-0.10080645729839689,13.5,255,둽껒,,8,13,2,0,0,0,0,뉟,둽,
639,38.15,0.004145936509653619,13.5,96,둽껒,,8,13,2,0,0,0,0,뉟,둽,
640,38.13,-0.006988119525036914,12.5,96,둽껒,,8,13,2,0,0,0,0,뉟,둭,
641,37.89,-0.06207324775364111,13,96,둽껒,,8,13,2,0,0,0,0,뉟,둭,
642,37.7,-0.05073566216610818,12.5,255,둽껒,,8,13,2,0,0,0,0,뉟,둭,
643,37.57,-0.04014130245620934,11.5,96,둽껒,,8,13,2,0,0,0,0,뉟,둽,
644,37.17,-0.06085337735747287,12,96,둽껒,,8,13,2,0,0,0,0,뉟,둭,
645,37.04,-0.10300782665211203,12,96,둽껒,,8,13,2,0,0,0,0,뉟,둭,
646,36.89,-0.02107037164858936,12,95,둽껒,,8,13,2,0,0,0,0,뉟,둭,
647,36.65,-0.03799392141317723,12,93,둽껒,,8,13,2,0,0,0,0,뉟,넄,
648,36.57,-0.06841818086626315,12,255,80.53799414634705,,8,13,2,0,0,0,0,뉟,넄,
649,36.35,-0.041091380056939866,11.5,255,둽껒,,8,13,2,0,0,0,0,뉟,둽,
651,36.09,-0.07346768251810083,11.5,255,둽껒,,8,13,2,0,0,0,0,뉟,둽,
652,35.83,-0.04192872972454501,12,255,둽껒,,8,13,2,0,0,0,0,뉟,둽,
653,35.63,-0.08345253691763828,12,255,둽껒,,8,13,2,0,0,0,0,뉟,둽,
654,35.01,-0.149290260676817,11.5,255,둽껒,,8,13,2,0,0,0,0,뉟,둽,
655,34.67,-0.08247558647886657,11,255,둽껒,,8,13,2,0,0,0,0,뉟,둽,
656,33.78,-0.15723272921262454,8,56,둽껒,,8,13,2,0,0,0,0,뉟,둽,
657,33.04,-0.20936143898566822,6,50,둽껒,,8,13,2,0,0,0,0,뉟,둭,
658,31.99,-0.16212712690425654,0,39,둽껒,,8,13,2,0,0,0,0,뉟,둭,
660,31.2,-0.2525252852111029,0,31,둽껒,,8,13,2,0,0,0,0,꺚,둭,
661,30.3,-0.23736209064170916,0,255,둽껒,,8,13,2,0,0,0,0,꺚,둽,
662,29.05,-0.25415896084757145,0,255,둽껒,,8,13,2,0,0,0,0,꺚,둽,
663,27.68,-0.3143903421720518,0,255,둽껒,,8,13,2,0,0,0,0,꺚,둽,
664,25.85,-0.301464282439587,0,255,둽껒,,8,13,2,0,0,0,0,꺚,둽,
665,22.33,-0.7211537623899321,0,255,둽껒,,8,13,2,0,0,0,0,꺚,둽,
666,19.32,-0.8248925982078943,0,255,둽껒,,8,13,2,0,0,0,0,꺚,둽,
667,14.98,-0.9736538667790913,0,255,둽껒,,8,13,2,0,0,0,0,꺚,둽,
668,11.85,-0.893355662943756,0,255,둽껒,,8,13,2,0,0,0,0,꺚,둽,
669,7.69,-0.9001701611151346,0,255,둽껒,,8,13,2,0,0,0,0,꺚,둽,
671,6.04,-0.7828642748940352,0,255,둽껒,,8,13,2,0,0,0,0,꺚,둽,
672,3.24,-0.8991650511013545,0,255,둽껒,,8,13,2,0,0,0,0,꺚,둽,
673,0,-0.8154014104482854,0,255,둽껒,,8,13,2,0,0,0,0,꺚,둽,
674,0,-0.3175696048816327,0,255,둽껒,,8,14,2,0,0,0,0,뉙,둽,
675,2.04,0.3297250633254006,0,255,둽껒,,8,14,2,0,0,0,0,뉙,둽,
676,3.54,0.28125001676380734,0,6,둽껒,,8,14,2,0,0,0,0,댨,둭,
677,5.37,0.00455373484505504,7,7,둽챔,,8,14,2,0,0,0,0,댨,둭,
678,6.25,0.475599672524487,10,10,둽챔,,8,14,2,0,0,0,0,댨,둭,
680,8.11,0.3818674760328814,2.5,10,둽챔,,8,14,2,0,0,0,0,댨,딖,
681,7.8,-0.041269841269841276,0,9,10.439999103546143,,8,14,2,0,0,0,0,댨,딖,
682,7.48,-0.08657029202464894,0,8,10.439999103546143,,8,14,2,0,0,0,0,댨,딖,
683,6.23,-0.19193188071057257,0,5,10.439999103546143,,8,14,2,0,0,0,0,댨,딖,
684,4.65,-0.3550820342804147,0,4,10.439999103546143,,8,14,2,0,0,0,0,댨,딖,
685,2.86,-0.44283422927483207,0,3,10.439999103546143,,8,14,2,0,0,0,0,댨,딖,
686,0,-0.6554756824651485,0,5,둽챔,,8,14,2,0,0,0,0,댨,딖,
687,0,-0.5013150135035306,0,5,둽챔,,8,14,2,0,0,0,1,뉙,딖,
688,0,0,0,4,둽챔,,8,14,2,0,0,0,1,뉙,딖,
689,0,0,0,5,둽챔,,8,14,2,0,0,0,1,뉙,딖,
690,0,0,0,2,둽챔,,8,14,2,0,0,0,1,뉙,딖,
692,0,0,0,4,둽챔,,8,14,2,0,0,0,1,뉙,딖,
693,0,0,0,3,둽챔,,8,14,2,0,0,0,1,뉙,딖,
694,0,0,0,3,2.4150002002716064,,8,14,2,0,0,0,1,뉙,딖,
695,0,0,0,4,2.4150002002716064,,8,14,2,0,0,0,1,뉙,딖,
696,2.9,0.5627393834094491,10.5,6,둽챔,,8,14,2,0,0,0,1,뉙,딖,
697,5.4,0.5929640630839965,16.5,255,둽챔,,8,14,2,0,0,0,1,댨,딖,
699,10.6,1.0749915524192886,24,255,둽껒,,8,14,2,0,0,0,1,댨,둽,
700,16.25,1.219345310773882,18,255,둽껒,,8,14,2,0,0,0,1,댨,둽,
701,17.05,0.9318706588651466,17,255,둽껒,,8,14,2,0,0,0,1,댨,둽,
702,20.04,0.5402417208656255,22.5,255,둽껒,,8,14,2,0,0,0,1,댨,둽,
703,22.18,0.6881064423494838,22.5,255,둽껒,,8,14,2,0,0,0,1,뉟,둽,
704,25.94,0.6761948206855712,22,255,둽껒,,8,14,2,0,0,0,1,뉟,둽,
705,26.83,0.27942142380686397,11.5,28,둽껒,,8,14,2,0,0,0,1,뉟,둽,
706,26.46,0.011956001454911982,0,30,둽껒,,8,14,2,0,0,0,1,뉟,둭,
707,25.89,-0.15344668011626905,0,17,둽챔,,8,14,2,0,0,0,1,꺚,둭,
708,25.79,-0.15344668011626905,0,17,둽챔,,8,14,2,0,0,0,1,꺚,둭,
709,26.39,-0.09439046593579958,15.5,17,둽챔,,8,15,2,0,0,0,1,뉟,둭,
710,29.25,0.15042117386430384,20,255,둽챔,,8,15,2,0,0,0,1,뉟,둭,
712,32.52,0.7188499234851469,22,255,둽껒,,8,15,2,0,0,0,1,뉟,둽,
713,35.43,0.8280157085298059,20.5,22,둽껒,,8,15,2,0,0,0,1,뉟,둽,
714,37.72,0.7147067226728963,17.5,25,둽껒,,8,15,2,0,0,0,1,뉟,둭,
715,38.57,0.44658791104937273,3.5,62,둽껒,,8,15,2,0,0,0,1,뉟,둭,
716,38.61,0.22107780320462622,0,65,둽껒,,8,15,2,0,0,0,1,뉟,둭,
717,38.38,-0.14619891980220243,0,65,둽챔,,8,15,2,0,0,0,1,꺚,둭,
718,38.94,-0.05729945142819618,20.5,42,둽챔,,8,15,2,0,0,0,1,꺚,둭,
720,40.45,0.38398675577596014,20,46,둽챔,,8,16,2,0,0,0,1,뉟,딖,
721,41.74,0.41041537354764357,20,50,둽챔,,8,16,2,0,0,0,1,뉟,둭,
722,42.87,0.17094002045914894,20,50,둽챔,,8,16,2,0,0,0,1,뉟,둭,
723,44.12,0.26310891118481505,20,255,둽챔,,8,16,2,0,0,0,1,뉟,둭,
724,44.72,0.3650284476294718,16,86,둽껒,,8,16,2,0,0,0,1,뉟,둽,
726,44.27,0.1732501924862616,9,88,둽껒,,8,16,2,0,0,0,1,뉟,둭,
727,43.77,0.0683060226758256,11.5,88,둽챔,,8,16,2,0,0,0,1,뉟,둭,
728,43.85,-0.1188099839291259,17,66,둽챔,,8,16,2,0,0,0,1,뉟,둭,
729,44.42,0.041928704575905494,17,66,둽챔,,8,16,2,0,0,0,1,뉟,둭,
730,45.02,0.14783693176248638,17,255,둽챔,,8,16,2,0,0,0,1,뉟,둭,
731,45.71,0.14492752421330515,17,70,둽껒,,8,16,2,0,0,0,1,뉟,둽,
733,45.84,0.22855134718240197,11.5,70,둽챔,,8,16,2,0,0,0,1,뉟,둭,
734,44.7,0.034889967569949436,0,71,둽챔,,8,16,2,0,0,0,1,뉟,둭,
735,43.84,-0.2167464903707574,0,70,둽챔,,8,16,2,0,0,0,1,꺚,둭,
736,43.84,-0.402212246758124,0,255,둽챔,,8,16,2,0,0,0,1,꺚,둭,
737,42.85,-0.402212246758124,0,255,둽챔,,8,16,2,0,0,0,1,꺚,둭,
738,42.85,-0.402212246758124,0,255,둽챔,,8,16,2,0,0,0,1,꺚,둭,
739,41.31,-0.056116735757229357,1,255,둽껒,,8,16,2,0,0,0,1,꺚,둽,
740,40.5,-0.20408152938142574,0,255,둽껒,,8,17,2,0,0,0,1,뉟,둽,
741,39.61,-0.20737331016680735,0,255,둽껒,,8,17,2,0,0,0,1,꺚,둽,
742,38.74,-0.2504784448720573,0,255,둽껒,,8,17,2,0,0,0,1,꺚,둽,
744,37.82,-0.23281950076961572,0,255,둽껒,,8,17,2,0,0,0,1,꺚,둽,
745,36.93,-0.19841288763397336,0,255,둽껒,,8,17,2,0,0,0,1,꺚,둽,
746,35.64,-0.2161033310149119,0,65,둽껒,,8,17,2,0,0,0,1,꺚,둽,
747,34.52,-0.28689616696502396,0,65,둽껒,,8,17,2,0,0,0,1,꺚,둭,
748,31.01,-0.303819465383035,0,255,둽껒,,8,17,2,0,0,0,1,꺚,둭,
749,28.29,-0.8613074437146796,0,255,둽껒,,8,17,2,0,0,0,1,꺚,둽,
750,25.33,-0.7490637827836757,0,255,둽껒,,8,17,2,0,0,0,1,꺚,둽,
751,21,-0.7698709382184633,0,25,둽껒,,8,17,2,0,0,0,1,꺚,둽,
752,17.75,-0.9826616015270563,0,19,3.0000001192092896,,8,17,2,0,0,0,1,꺚,둭,
754,17.75,-0.9826616015270563,0,19,3.0000001192092896,,8,17,2,0,0,0,1,꺚,둭,
755,9.71,-0.7629097323895105,0,10,2.9069976806640625,,8,17,2,0,0,0,1,꺚,둭,
756,5.92,-0.9731300614822171,0,7,2.929999828338623,,8,17,2,0,0,0,1,꺚,둭,
757,5.92,-0.9731300614822171,0,7,2.929999828338623,,8,17,2,0,0,0,1,꺚,둭,
758,0.39,-0.7936503920388779,0,5,1.358000040054321,,8,17,3,0,0,0,1,꺚,넄,
759,0,-0.6916304103792248,0,5,둽챔,,8,17,3,0,0,0,1,꺚,넄,
760,0,-0.6916304103792248,0,5,둽챔,,8,17,3,0,0,0,1,꺚,넄,
762,0,0,0,5,둽챔,,8,18,3,0,0,0,2,뉙,넄,
763,0,0,0,5,둽챔,,8,18,3,0,0,0,2,뉙,넄,
764,1.92,0,2,6,둽챔,,8,18,3,0,0,0,2,뉙,넄,
765,4,0.52083336922806,11.5,7,둽챔,,8,18,3,0,0,0,2,댨,넄,
766,7.44,0.5818507150262872,18.5,10,둽챔,,8,18,3,0,0,0,2,댨,넄,
767,12.61,1.0521887954480504,18.5,11,둽챔,,8,18,3,0,0,0,2,댨,딖,
768,13.41,1.0521887954480504,13.5,12,둽챔,,8,18,3,0,0,0,2,댨,딖,
769,13.41,0.5681817442917723,13.5,12,둽챔,,8,18,3,0,0,0,2,댨,딖,
770,15.94,0.5681817442917723,18.5,14,둽챔,,8,18,3,0,0,0,2,댨,딖,
771,15.94,0.5681817442917723,18.5,14,둽챔,,8,18,3,0,0,0,2,댨,딖,
772,22.07,0.578702530929505,22.5,19,둽챔,,8,18,3,0,0,0,2,댨,딖,
773,22.07,0.578702530929505,22.5,19,둽챔,,8,18,3,0,0,0,2,댨,딖,
774,26.84,1.0000002724784505,22,21,둽챔,,8,18,3,0,0,0,2,과,딖,
775,29.03,0.6258856568425903,22,21,둽챔,,9,18,3,0,0,0,2,뉟,딖,
776,31.26,0.43556862860356255,22.5,24,둽챔,,9,18,3,0,0,0,2,뉟,딖,
777,31.26,0.5677767176540993,27,24,둽껒,,9,18,3,0,0,0,2,뉟,딖,
779,36.04,0.5677767176540993,27.5,28,둽껒,,9,18,3,0,0,0,2,뉟,딖,
780,37.96,0.6307733568336428,21,28,둽챔,,9,18,3,0,0,0,2,뉟,딖,
781,37.96,0.6307733568336428,21,28,둽챔,,9,18,3,0,0,0,2,뉟,딖,
782,40.04,0.3338101476705531,20.5,28,둽챔,,9,18,3,0,0,0,2,뉟,딖,
783,40.04,0.3338101476705531,20.5,28,둽챔,,9,18,3,0,0,0,2,뉟,딖,
784,41.2,0.2558480366885879,19.5,28,둽챔,,9,18,3,0,0,0,2,뉟,딖,
785,41.63,0.14713343096035605,19.5,28,둽챔,,9,18,3,0,0,0,2,뉟,딖,
786,41.95,0.1498386744495129,13.5,28,둽챔,,9,18,3,0,0,0,2,뉟,딖,
787,41.16,0.08522424770072873,14,28,둽챔,,9,18,3,0,0,0,2,뉟,딖,
788,40.93,-0.197164834673114,21,28,둽챔,,9,18,3,0,0,0,2,뉟,딖,
789,40.93,-0.058186599274456734,21,28,둽챔,,9,18,3,0,0,0,2,뉟,딖,
790,41.59,-0.058186599274456734,21,28,둽챔,,9,18,3,0,0,0,2,뉟,딖,
791,41.59,-0.058186599274456734,21,28,둽챔,,9,18,3,0,0,0,2,뉟,딖,
793,41.34,-0.08748916372762765,23,29,둽챔,,9,18,3,0,0,0,2,뉟,딖,
794,42.54,-0.03163755763712881,29,29,둽챔,,9,18,3,0,0,0,2,뉟,딖,
795,42.54,-0.03163755763712881,29,29,둽챔,,9,18,3,0,0,0,2,뉟,딖,
796,43.68,0.3384095115065014,24,30,둽챔,,9,18,3,0,0,0,2,뉟,딖,
797,43.7,0.14546011024714345,19,30,둽챔,,9,18,3,0,0,0,2,뉟,딖,
798,43.7,0.14546011024714345,19,30,둽챔,,9,18,3,0,0,0,2,뉟,딖,
799,42.18,-0.16534369758976794,19.5,31,둽챔,,9,18,3,0,0,0,2,뉟,딖,
800,42.18,-0.16534369758976794,19.5,31,둽챔,,9,18,3,0,0,0,2,뉟,딖,
801,41.75,-0.24005483953679427,20.5,33,둽챔,,9,18,3,0,0,0,2,뉟,딖,
802,41.67,-0.06044759118347324,20.5,33,둽챔,,9,18,3,0,0,0,2,뉟,딖,
803,41.97,-0.02002002191207757,23,36,둽챔,,9,18,3,0,0,0,2,뉟,딖,
804,42.16,-0.02002002191207757,23,36,둽챔,,9,18,3,0,0,0,2,뉟,딖,
805,43.16,0.06802153914226007,24.5,37,둽챔,,9,18,3,0,0,0,2,뉟,딖,
806,45.05,0.3203896437895098,23.5,37,둽챔,,9,18,3,0,0,0,2,뉟,딖,
807,45.45,0.3203896437895098,23.5,37,둽챔,,9,18,3,0,0,0,2,뉟,딖,
808,45.94,0.30319880651818854,14,36,둽챔,,9,18,3,0,0,0,2,뉟,딖,
809,45.53,0.1024933012601315,6,35,둽챔,,9,18,3,0,0,0,2,뉟,딖,
810,45.53,0.1024933012601315,6,35,둽챔,,9,18,3,0,0,0,2,뉟,딖,
812,43.7,0.1024933012601315,5.5,34,둽껒,,9,18,3,0,0,0,2,뉟,딖,
813,42.91,-0.21457718123146907,6.5,34,둽챔,,9,18,3,0,0,0,2,뉟,딖,
814,42.91,-0.21457718123146907,6.5,34,둽챔,,9,18,3,0,0,0,2,뉟,딖,
815,41.87,-0.1543208375093337,10.5,35,둽챔,,9,18,3,0,0,0,2,뉟,딖,
816,41.87,-0.1543208375093337,10.5,35,둽챔,,9,18,3,0,0,0,2,뉟,딖,
817,41.91,-0.09722219904264368,14,37,둽챔,,9,18,3,0,0,0,2,뉟,딖,
818,41.82,0.00518000522606614,14,37,둽챔,,9,18,3,0,0,0,2,뉟,딖,
819,42.04,-0.022084806249094348,14,37,둽챔,,9,18,3,0,0,0,2,뉟,딖,
821,41.98,0.05365329376111169,14.5,42,둽챔,,9,18,3,0,0,0,2,뉟,딖,
822,42.13,-0.015055707824710565,14.5,43,둽챔,,9,18,3,0,0,0,2,뉟,딖,
823,42.13,-0.015055707824710565,14.5,43,둽챔,,9,18,3,0,0,0,2,뉟,딖,
824,42.37,0,14.5,44,둽챔,,9,18,3,0,0,0,2,뉟,딖,
825,42.32,0.030623181104661775,13,44,둽챔,,9,18,3,0,0,0,2,뉟,딖,
826,42.32,0.030623181104661775,13,44,둽챔,,9,18,3,0,0,0,2,뉟,딖,
827,42.05,-0.012345679012345678,8.5,41,둽챔,,9,18,3,0,0,0,2,뉟,딖,
828,42.05,-0.012345679012345678,8.5,41,둽챔,,9,18,3,0,0,0,2,뉟,딖,
829,40.71,-0.29550870595449863,8,38,둽챔,,9,18,3,0,0,0,2,뉟,딖,
830,40.71,-0.21630240514011437,9,38,둽껒,,9,18,3,0,0,0,2,뉟,딖,
831,39.65,-0.21630240514011437,11,36,둽껒,,9,18,3,0,0,0,2,뉟,딖,
832,39.54,-0.08919462827085545,11,35,둽챔,,9,18,3,0,0,0,2,뉟,딖,
833,39.63,-0.08919462827085545,10,34,둽챔,,9,18,3,0,0,0,2,뉟,딖,
834,39.63,0.2038736590166118,4.5,34,둽챔,,9,18,3,0,0,0,2,뉟,딖,
835,39.72,0.2038736590166118,4,34,둽챔,,9,18,3,0,0,0,2,뉟,딖,
837,39.97,0.012189175308903741,4.5,35,둽챔,,9,18,3,0,0,0,2,뉟,딖,
838,39.97,0.012189175308903741,4.5,35,둽챔,,9,18,3,0,0,0,2,뉟,딖,
839,41.54,0.04317787542366635,10.5,36,둽챔,,9,18,3,0,0,0,2,뉟,딖,
840,41.54,0.04317787542366635,10.5,36,둽챔,,9,18,3,0,0,0,2,뉟,딖,
841,42.91,0.1998398728740799,10,36,둽껒,,9,18,3,0,0,0,2,뉟,딖,
842,42.91,0.1998398728740799,10,36,둽껒,,9,18,3,0,0,0,2,뉟,딖,
843,44.86,0.14029167046303065,14,17,둽챔,,9,18,3,0,0,0,2,뉟,딖,
844,44.87,0.09789525290283084,14,17,둽챔,,9,18,3,0,0,0,2,뉟,딖,
845,42.27,0.09789525290283084,0,16,둽챔,,9,18,3,0,0,0,2,뉟,딖,
846,35.18,-0.33603196335760516,0,14,둽챔,,9,18,3,0,0,0,2,꺚,딖,
847,35.18,-1.592247142710128,0,14,둽챔,,9,18,3,0,0,0,2,꺚,딖,
848,24.42,-1.592247142710128,0,12,둽챔,,9,18,3,0,0,0,2,꺚,딖,
849,24.42,-1.186868532520591,0,12,둽챔,,9,18,3,0,0,0,2,꺚,딖,
850,17.41,-1.186868532520591,0,12,둽챔,,9,18,3,0,0,0,2,꺚,딖,
851,17.41,-1.186868532520591,0,12,둽챔,,9,18,3,0,0,0,2,꺚,딖,
852,12.47,-0.6242198189863966,0,10,둽챔,,9,18,3,0,0,0,2,꺚,딖,
853,10.68,-0.7794790117840223,0,7,둽챔,,9,18,3,0,0,0,2,꺚,딖,
854,7.52,-0.7794790117840223,0,6,둽챔,,9,18,3,0,0,0,2,꺚,딖,
855,2.8,-0.5358149301916412,0,6,1.1760005950927734,,9,18,4,0,0,0,2,꺚,넄,
856,1.6,-0.5358149301916412,0,3,1.1760005950927734,,9,18,4,0,0,0,2,꺚,넄,
857,1.6,-1.1530404132190923,0,3,둽챔,,9,18,4,0,0,0,2,꺚,넄,
858,0,-1.1530404132190923,0,3,둽챔,,9,18,4,0,0,0,2,꺚,넄,
859,0,0,0,3,둽챔,,9,19,4,0,0,0,3,뉙,넄,
860,0,0,0,3,둽챔,,9,19,4,0,0,0,3,뉙,넄,
862,0,0,0,3,둽챔,,9,19,4,0,0,0,3,뉙,넄,
863,0,0,0,3,둽챔,,9,19,4,0,0,0,3,뉙,넄,
864,0,0,0,3,둽챔,,9,19,4,0,0,0,3,뉙,넄,
865,0,0,0,3,둽챔,,9,19,4,0,0,0,3,뉙,넄,
866,0,0,0,3,둽챔,,9,19,4,0,0,0,3,뉙,넄,
867,0,0,0,3,둽챔,,9,19,4,0,0,0,3,뉙,넄,
868,0,0,0,3,둽챔,,9,19,4,0,0,0,3,뉙,넄,
869,0,0,0,3,둽챔,,9,19,4,0,0,0,3,뉙,넄,
870,0,0,0,3,둽챔,,9,19,4,0,0,0,3,뉙,넄,
871,0,0,0,3,둽챔,,9,19,4,0,0,0,3,뉙,넄,
872,0,0,0,3,둽챔,,9,19,4,0,0,0,3,뉙,넄,
873,0,0,0,3,둽챔,,9,19,4,0,0,0,3,뉙,넄,
875,0,0,0,3,둽챔,,9,19,4,0,0,0,3,뉙,넄,
876,0,0,0,3,둽챔,,9,19,4,0,0,0,3,뉙,넄,
877,0,0,0,3,둽껒,,9,19,4,0,0,0,3,뉙,넄,
878,0,0,0,3,둽껒,,9,19,4,0,0,0,3,뉙,넄,
879,0,0,0,3,둽껒,,9,19,4,0,0,0,3,뉙,넄,
880,0,0,0,3,둽껒,,9,19,4,0,0,0,3,뉙,넄,
881,0,0,0,3,둽챔,,9,19,4,0,0,0,3,뉙,넄,
882,0,0,0,3,둽챔,,9,19,4,0,0,0,3,뉙,넄,
883,0,0,0,3,둽챔,,9,19,4,0,0,0,3,뉙,넄,
884,0,0,0,3,둽챔,,9,19,4,0,0,0,3,뉙,넄,
885,0,0,0,3,둽챔,,9,19,4,0,0,0,3,뉙,넄,
887,0,0,0,3,둽챔,,9,19,4,0,0,0,3,뉙,넄,
888,0,0,0,3,둽챔,,9,19,4,0,0,0,3,뉙,넄,
889,0,0,0,3,둽챔,,9,19,4,0,0,0,3,뉙,넄,
890,0,0,0,3,둽챔,,9,19,4,0,0,0,3,뉙,넄,
891,0,0,0,3,둽챔,,9,19,4,0,0,0,3,뉙,넄,
892,0,0,0,3,둽챔,,9,19,4,0,0,0,3,뉙,넄,
893,0,0,0,3,둽챔,,9,19,4,0,0,0,3,뉙,넄,
894,0,0,0,3,둽챔,,9,19,4,0,0,0,3,뉙,넄,
895,0,0,0,3,둽챔,,9,19,4,0,0,0,3,뉙,넄,
896,0,0,0,3,둽챔,,9,19,4,0,0,0,3,뉙,넄,
897,0,0,0,3,둽챔,,9,19,4,0,0,0,3,뉙,넄,
898,0,0,0,3,둽챔,,9,19,4,0,0,0,3,뉙,넄,
899,0,0,0,3,둽챔,,9,19,4,0,0,0,3,뉙,넄,
900,0,0,0,3,둽챔,,9,19,4,0,0,0,3,뉙,넄,
901,0,0,0,3,둽껒,,9,19,4,0,0,0,3,뉙,넄,
902,0,0,0,3,둽껒,,9,19,4,0,0,0,3,뉙,넄,
903,0,0,0,3,둽챔,,9,19,4,0,0,0,3,뉙,넄,
904,0,0,0,3,둽챔,,9,19,4,0,0,0,3,뉙,넄,
905,0,0,0,3,둽챔,,9,19,4,0,0,0,3,뉙,넄,
906,0,0,0,3,둽챔,,9,19,4,0,0,0,3,뉙,넄,
908,0,0,0,3,둽챔,,9,19,4,0,0,0,3,뉙,넄,
909,0,0,0,3,둽챔,,9,19,4,0,0,0,3,뉙,넄,
910,0,0,0,3,둽챔,,9,19,4,0,0,0,3,뉙,넄,
911,0,0,0,3,둽챔,,9,19,4,0,0,0,3,뉙,넄,
912,0,0,0,4,둽챔,,9,19,4,0,0,0,3,뉙,딖,
913,2.37,0,14.5,8,둽챔,,9,19,4,0,0,0,3,뉙,딖,
914,10.11,0.5151278530634987,29.5,13,둽챔,,9,19,4,0,0,0,3,댨,둭,
915,17.87,1.4625850055476919,33.5,16,둽챔,,9,19,4,0,0,0,3,댨,둭,
916,25.81,1.77997986512495,32.5,18,둽챔,,9,19,4,0,0,0,3,댨,둭,
917,25.81,1.5821775258666855,30.5,18,둽챔,,9,19,4,0,0,0,3,과,딖,
919,30.97,1.5821775258666855,27,19,둽챔,,9,19,4,0,0,0,3,과,딖,
920,34.14,1.120667149468933,24,20,둽챔,,10,19,4,0,0,0,3,뉟,딖,
921,36.36,0.6192374107420634,18,20,둽챔,,10,19,4,0,0,0,3,뉟,딖,
922,36.29,0.44848484848484843,15,21,둽챔,,10,19,4,0,0,0,3,뉟,딖,
923,36.61,-0.014945766853976625,16,23,둽챔,,10,19,4,0,0,0,3,뉟,딖,
925,37.22,0.01723543592054884,16.5,25,둽챔,,10,19,4,0,0,0,3,뉟,딖,
926,37.44,0.13310639763594984,16.5,26,둽챔,,10,19,4,0,0,0,3,뉟,딖,
927,38.46,0.08705287689339114,24.5,28,둽챔,,10,19,4,0,0,0,3,뉟,딖,
929,41.99,0.5715044336849785,22.5,31,둽챔,,10,19,4,0,0,0,3,뉟,둭,
930,43.99,0.1913925309020457,22,33,둽챔,,10,19,4,0,0,0,3,뉟,둭,
931,44.71,0.41061018928266824,18,33,둽챔,,10,19,4,0,0,0,3,뉟,둭,
932,45.26,0.3095975670967551,17.5,34,둽챔,,10,19,4,0,0,0,3,뉟,둭,
933,45.93,0.12647165117560166,18.5,35,둽챔,,10,19,4,0,0,0,3,뉟,딖,
934,45.98,0.12870755811334345,11.5,36,둽챔,,10,19,4,0,0,0,3,뉟,딖,
936,45.51,0.011058032185410344,14,36,둽챔,,10,19,4,0,0,0,3,뉟,딖,
937,45.48,-0.10231626427407688,13.5,37,둽챔,,10,19,4,0,0,0,3,뉟,딖,
938,45.28,-0.006904170020559569,14,37,둽챔,,10,19,4,0,0,0,3,뉟,딖,
940,45.08,-0.042702198836878036,15,38,둽챔,,10,19,4,0,0,0,3,뉟,딖,
941,45.1,-0.04183400051433939,15.5,38,둽챔,,10,19,4,0,0,0,3,뉟,딖,
942,44.94,-0.02014968515430652,15,39,둽챔,,10,19,4,0,0,0,3,뉟,딖,
943,44.9,-0.034722222998324385,15,40,둽챔,,10,19,4,0,0,0,3,뉟,딖,
945,44.59,-0.017120357965065166,15.5,41,둽챔,,10,19,4,0,0,0,3,뉟,딖,
946,44.43,-0.06716935004304883,15.5,42,둽챔,,10,19,4,0,0,0,3,뉟,딖,
947,44.41,-0.035470425937945166,16.5,43,둽챔,,10,19,4,0,0,0,3,뉟,딖,
949,45.44,0.10019613064549569,20,43,둽챔,,10,19,4,0,0,0,3,뉟,딖,
950,45.77,0.25882784906752515,19,43,둽챔,,10,19,4,0,0,0,3,뉟,딖,
951,46.01,0.07051282309921544,17.5,255,둽챔,,10,19,4,0,0,0,3,뉟,딖,
952,45.91,0.054068665450918874,17.5,44,둽껒,,10,19,4,0,0,0,3,뉟,둽,
954,45.78,-0.02024619402518938,18,43,둽껒,,10,19,4,0,0,0,3,뉟,둭,
955,45.87,-0.026709401747082286,17.5,43,둽껒,,10,19,4,0,0,0,3,뉟,둭,
956,45.85,0.019577134667855087,17.5,42,둽껒,,10,19,4,0,0,0,3,뉟,둭,
958,45.73,-0.004266939600791522,17.5,42,둽껒,,10,19,4,0,0,0,3,뉟,넄,
959,45.73,-0.026082418074091708,16,40,둽껒,,10,19,4,0,0,0,3,뉟,넄,
960,45.17,0,0,39,둽껒,,10,19,4,0,0,0,3,뉟,넄,
962,42.61,-0.12698411215537356,0,38,둽껒,,10,19,4,0,0,0,3,꺚,넄,
963,38.34,-0.5156716009190575,0,38,둽껒,,10,19,4,0,0,0,3,꺚,넄,
964,33.78,-0.8878077407122538,0,37,둽껒,,10,19,4,0,0,0,3,꺚,넄,
966,29.62,-0.9212121212121213,0,35,둽껒,,10,19,4,0,0,0,3,꺚,넄,
967,25.71,-0.8675341896871953,0,32,둽껒,,10,19,4,0,0,0,3,꺚,넄,
968,21.86,-0.8626775669674537,0,26,둽껒,,10,19,4,0,0,0,3,꺚,넄,
969,17.17,-0.8053046544790312,0,19,둽껒,,10,19,4,0,0,0,3,꺚,넄,
971,13.27,-1.0364181084370847,0,14,둽껒,,10,19,4,0,0,0,3,꺚,넄,
972,9.21,-0.8659739377285957,0,10,둽껒,,10,19,4,0,0,0,3,꺚,넄,
973,6.78,-0.8207989216061783,0,6,둽껒,,10,19,4,0,0,0,3,꺚,넄,
975,3.78,-0.5082831975023496,0,4,둽껒,,10,19,4,0,0,0,3,꺚,넄,
976,0,-0.6624270617061204,0,3,둽껒,,10,19,4,0,0,0,3,꺚,넄,
977,0,-0.788880629124185,0,3,둽껒,,10,20,4,0,0,0,4,뉙,넄,
979,0,0,0,3,둽껒,,10,20,4,0,0,0,4,뉙,넄,
980,0,0,0,3,둽껒,,10,20,4,0,0,0,4,뉙,넄,
981,0,0,0,3,둽껒,,10,20,4,0,0,0,4,뉙,넄,
983,0,0,0,3,둽껒,,10,20,4,0,0,0,4,뉙,넄,
984,0,0,0,3,둽껒,,10,20,4,0,0,0,4,뉙,넄,
985,0,0,0,3,둽껒,,10,20,4,0,0,0,4,뉙,넄,
987,0,0,0,3,둽껒,,10,20,4,0,0,0,4,뉙,넄,
988,0,0,0,3,둽껒,,10,20,4,0,0,0,4,뉙,넄,
989,0,0,0,3,둽껒,,10,20,4,0,0,0,4,뉙,넄,
990,0,0,0,3,둽껒,,10,20,4,0,0,0,4,뉙,넄,
991,0,0,0,3,둽껒,,10,20,4,0,0,0,4,뉙,넄,
992,0,0,0,3,둽껒,,10,20,4,0,0,0,4,뉙,넄,
994,0,0,0,3,둽껒,,10,20,4,0,0,0,4,뉙,넄,
995,0,0,0,3,둽껒,,10,20,4,0,0,0,4,뉙,넄,
996,0,0,0,3,둽껒,,10,20,4,0,0,0,4,뉙,넄,
998,0,0,0,3,둽껒,,10,20,4,0,0,0,4,뉙,넄,
999,0,0,0,3,둽껒,,10,20,4,0,0,0,4,뉙,넄,
1000,0,0,0,3,둽껒,,10,20,4,0,0,0,4,뉙,넄,
1001,0,0,0,3,둽껒,,10,20,4,0,0,0,4,뉙,넄,
1003,0,0,0,3,둽껒,,10,20,4,0,0,0,4,뉙,넄,
1004,0,0,0,3,둽껒,,10,20,4,0,0,0,4,뉙,넄,
1005,0,0,0,3,둽껒,,10,20,4,0,0,0,4,뉙,넄,
1007,0,0,0,3,둽껒,,10,20,4,0,0,0,4,뉙,넄,
1008,0,0,0,3,둽껒,,10,20,4,0,0,0,4,뉙,넄,
1009,0,0,0,3,둽껒,,10,20,4,0,0,0,4,뉙,넄,
1010,0,0,0,3,둽껒,,10,20,4,0,0,0,4,뉙,넄,
1012,0,0,0,3,둽껒,,10,20,4,0,0,0,4,뉙,넄,
1013,0,0,0,3,둽껒,,10,20,4,0,0,0,4,뉙,넄,
1014,0,0,0,3,둽껒,,10,20,4,0,0,0,4,뉙,넄,
1016,0,0,0,3,둽껒,,10,20,4,0,0,0,4,뉙,넄,
1017,0,0,0,3,둽껒,,10,20,4,0,0,0,4,뉙,넄,
1018,0,0,0,3,둽챔,,10,20,4,0,0,0,4,뉙,넄,
1019,0,0,0,3,둽챔,,10,20,4,0,0,0,4,뉙,넄,
1021,0,0,0,3,둽챔,,10,20,4,0,0,0,4,뉙,넄,
1022,0,0,0,3,둽챔,,10,20,4,0,0,0,4,뉙,넄,
1023,0,0,0,3,둽챔,,10,20,4,0,0,0,4,뉙,넄,
1024,0,0,0,3,둽챔,,10,20,4,0,0,0,4,뉙,넄,
1026,0,0,0,3,둽챔,,10,20,4,0,0,0,4,뉙,넄,
1027,0,0,0,3,둽챔,,10,20,4,0,0,0,4,뉙,넄,
1028,0,0,0,3,둽챔,,10,20,4,0,0,0,4,뉙,넄,
1029,0,0,0,3,둽챔,,10,20,4,0,0,0,4,뉙,넄,
1030,0,0,0,3,둽챔,,10,20,4,0,0,0,4,뉙,넄,
1031,0,0,0,3,둽챔,,10,20,4,0,0,0,4,뉙,넄,
1033,0,0,0,3,둽챔,,10,20,4,0,0,0,4,뉙,넄,
1034,0,0,0,3,둽챔,,10,20,4,0,0,0,4,뉙,넄,
1035,0,0,0,4,둽챔,,10,20,4,0,0,0,4,뉙,넄,
1037,0,0,0,5,둽챔,,10,20,4,0,0,0,4,뉙,딖,
1038,2.04,0,1.5,8,둽챔,,10,20,4,0,0,0,4,뉙,딖,
1039,5.18,0.4197531160721802,20.5,13,둽챔,,10,20,4,0,0,0,4,댨,둭,
1040,11.47,0.7538653183527804,28,17,둽챔,,10,20,4,0,0,0,4,댨,둭,
1041,18.11,1.4781914871562685,29,21,둽챔,,10,20,4,0,0,0,4,댨,둭,
1043,23.94,1.499548305563277,27.5,23,둽챔,,10,20,4,0,0,0,4,댨,둭,
1044,28.39,1.2438128936307289,27.5,25,둽챔,,10,20,4,0,0,0,4,과,둭,
1045,33.61,0.8278144440584836,17.5,25,둽챔,,11,20,4,0,0,0,4,뉟,둭,
1046,33.06,0.7798961453452793,12.5,26,둽챔,,11,20,4,0,0,0,4,뉟,넄,
1048,32.68,-0.12636705028806333,19.5,26,둽챔,,11,20,4,0,0,0,4,뉟,딖,
1049,34.17,-0.08119658417485415,25,27,둽챔,,11,20,4,0,0,0,4,뉟,딖,
1050,35.7,0.04652435206071277,25,28,둽챔,,11,20,4,0,0,0,4,뉟,딖,
1051,36.52,0.3524046172541892,23.5,28,둽챔,,11,20,4,0,0,0,4,뉟,딖,
1052,37.82,0.4096722664063692,24,29,둽챔,,11,20,4,0,0,0,4,뉟,딖,
1054,39.06,0.22927692370934213,24,29,둽챔,,11,20,4,0,0,0,4,뉟,딖,
1055,40.36,0.40956529326364416,24,29,둽챔,,11,20,4,0,0,0,4,뉟,딖,
1056,40.2,0.1289359219737121,9.5,28,둽챔,,11,20,4,0,0,0,4,뉟,넄,
1058,38.53,-0.3520447682411722,12,27,둽챔,,11,20,4,0,0,0,4,뉟,넄,
1059,37.61,-0.38433213114448267,17,28,둽챔,,11,20,4,0,0,0,4,뉟,넄,
1060,37.4,-0.21207931264391955,21,28,둽챔,,11,20,4,0,0,0,4,뉟,딖,
1061,37.92,-0.04327398456033411,20.5,255,둽챔,,11,20,4,0,0,0,4,뉟,딖,
1063,37.94,0.11482071245676741,20.5,29,둽껒,,11,20,4,0,0,0,4,뉟,둽,
1064,38.64,0.0047120906696020174,23,29,둽껒,,11,20,4,0,0,0,4,뉟,둭,
1065,39.47,0.14911384910573117,22.5,29,둽껒,,11,20,4,0,0,0,4,뉟,둭,
1066,40.08,0.13690947355491853,22.5,29,둽껒,,11,20,4,0,0,0,4,뉟,둭,
1068,40.76,0.21751532079879432,22.5,28,둽껒,,11,20,4,0,0,0,4,뉟,둭,
1069,41.49,0.1481481647699246,21,27,둽껒,,11,20,4,0,0,0,4,뉟,넄,
1070,41.83,0.15879228488130406,21,25,둽껒,,11,20,4,0,0,0,4,뉟,넄,
1071,42.17,0.07489647152034322,18.5,25,둽껒,,11,20,4,0,0,0,4,뉟,넄,
1072,41.5,0.07870370057629962,16.5,24,둽껒,,11,20,4,0,0,0,4,뉟,넄,
1074,40.74,-0.15772130354726038,19,24,둽껒,,11,20,4,0,0,0,4,뉟,넄,
1075,41.6,-0.1584918231159299,22.5,24,둽껒,,11,20,4,0,0,0,4,뉟,넄,
1076,42.42,0.19126411131001597,21,24,둽껒,,11,20,4,0,0,0,4,뉟,넄,
1078,42.58,0.1365574221354564,17,24,둽껒,,11,20,4,0,0,0,4,뉟,넄,
1079,42.68,0.0514403243350871,17.5,23,둽껒,,11,20,4,0,0,0,4,뉟,넄,
1080,42.74,0.01593371568440188,17.5,24,둽껒,,11,20,4,0,0,0,4,뉟,넄,
1081,43.15,0.01593371568440188,18,24,둽껒,,11,20,4,0,0,0,4,뉟,넄,
1082,43.3,0.12868801143068181,16,23,둽껒,,11,20,4,0,0,0,4,뉟,넄,
1084,42.97,0.033200534488279906,15,22,둽껒,,11,20,4,0,0,0,4,뉟,넄,
1085,42.89,-0.07458637903830734,11,21,둽껒,,11,20,4,0,0,0,4,뉟,넄,
1086,42.08,-0.013949920355852175,14,20,둽껒,,11,20,4,0,0,0,4,뉟,넄,
1087,41.7,-0.3120665931900904,12,19,둽껒,,11,20,4,0,0,0,4,뉟,넄,
1088,41.02,-0.08119656928349155,10,19,둽껒,,11,20,4,0,0,0,4,뉟,넄,
1090,39.72,-0.19446654763650956,12,19,둽껒,,11,20,4,0,0,0,4,뉟,넄,
1091,39.19,-0.20219521339352883,13,20,둽껒,,11,20,4,0,0,0,4,뉟,넄,
1092,38.4,-0.12982561287787575,12,21,둽껒,,11,20,4,0,0,0,4,뉟,넄,
1093,37.58,-0.1685441142312651,13,21,둽껒,,11,20,4,0,0,0,4,뉟,딖,
1095,37.08,-0.20121712360285962,13.5,20,둽껒,,11,20,4,0,0,0,4,뉟,딖,
1096,36.94,-0.1086767419753821,12.5,20,둽껒,,11,20,4,0,0,0,4,뉟,넄,
1097,36.36,-0.03292877991304732,0,18,둽껒,,11,20,4,0,0,0,4,뉟,넄,
1098,33.19,-0.14488409421688667,0,16,둽껒,,11,20,4,0,0,0,4,꺚,넄,
1099,27.83,-0.7295406321724611,0,16,둽껒,,11,20,4,0,0,0,4,꺚,넄,
1101,22.57,-0.9334726408664717,0,14,둽껒,,11,20,4,0,0,0,4,꺚,넄,
1102,17.68,-1.6755861769109037,0,14,둽껒,,11,20,4,0,0,0,4,꺚,넄,
1103,13.15,-1.1740131868614956,0,13,둽껒,,11,20,4,0,0,0,4,꺚,넄,
1104,9.61,-1.0034556499279959,0,11,둽껒,,11,20,4,0,0,0,4,꺚,넄,
1105,8.02,-0.13081717093436393,0,11,둽껒,,11,20,4,0,0,0,4,꺚,넄,
1106,7.04,-0.37366041184417076,0,7,둽껒,,11,20,4,0,0,0,4,꺚,넄,
1108,4.76,-0.45069915300419544,0,5,둽껒,,11,20,4,0,0,0,4,꺚,넄,
1109,1.84,-0.18536690774212758,0,3,둽껒,,11,20,4,0,0,0,4,꺚,넄,
1110,0,-0.016700068364184813,0,3,둽껒,,11,20,4,0,0,0,4,꺚,넄,
1111,0,-0.4248637422593792,0,3,둽껒,,11,21,4,0,0,0,5,뉙,넄,
1112,0,0,0,2,둽껒,,11,21,4,0,0,0,5,뉙,넄,
1114,1.76,0,3.5,3,둽껒,,11,21,4,0,0,0,5,뉙,넄,
1115,8.1,0.6062193687969523,25.5,8,둽껒,,11,21,4,0,0,0,5,댨,딖,
1116,15.77,1.8942517195020145,32.5,9,둽껒,,11,21,4,0,0,0,5,댨,딖,
1117,22.94,1.7307519479997413,32.5,255,둽껒,,11,21,4,0,0,0,5,댨,딖,
1118,28.95,1.7563197143910971,29.5,255,둽껒,,11,21,4,0,0,0,5,과,둽,
1120,33.93,1.4354640011707958,29.5,255,둽껒,,11,21,4,0,0,0,5,과,둽,
1121,36.83,1.150859543175246,24,255,둽껒,,11,21,4,0,0,0,5,과,둽,
1122,37.61,0.6838332545126261,9,255,둽껒,,12,21,4,0,0,0,5,뉟,둽,
1123,37.26,0.17965725585507683,11,255,둽껒,,12,21,4,0,0,0,5,뉟,둽,
1124,37.04,-0.08402959101739951,5.5,255,둽껒,,12,21,4,0,0,0,5,뉟,둽,
1125,36.2,-0.05157055001402902,3.5,255,둽껒,,12,21,4,0,0,0,5,뉟,둽,
1127,35.74,-0.20630713869477998,10,255,둽껒,,12,21,4,0,0,0,5,뉟,둽,
1128,35.78,-0.10603963534119563,16,255,둽껒,,12,21,4,0,0,0,5,뉟,둽,
1129,36.25,0.00959508737851107,16,255,둽껒,,12,21,4,0,0,0,5,뉟,둽,
1130,36.33,0.1082550345447784,11.5,255,둽껒,,12,21,4,0,0,0,5,뉟,둽,
1131,35.46,0.019630938888083864,0,255,둽껒,,12,21,4,0,0,0,5,뉟,둽,
1132,34.97,-0.2042828814398036,0,255,둽껒,,12,21,4,0,0,0,5,꺚,둽,
1134,29.22,-0.13305093925448347,0,255,둽껒,,12,21,4,0,0,0,5,꺚,둽,
1135,22.21,-2.087871899602279,0,255,둽껒,,12,21,4,0,0,0,5,꺚,둽,
1136,15.39,-1.5177102367898927,0,255,둽껒,,12,21,4,0,0,0,5,꺚,둽,
1137,10.5,-1.6676448778327395,0,255,둽껒,,12,21,4,0,0,0,5,꺚,둽,
1138,9.65,-0.020614309574753537,4.5,255,둽껒,,12,21,4,0,0,0,5,꺚,둽,
1139,9.68,-0.020614309574753537,5,255,둽껒,,12,21,4,0,0,0,5,꺚,둽,
1141,9.68,-0.20721324013432407,5,255,둽껒,,12,22,4,0,0,0,5,뉟,둽,
1142,16.46,0.5972455888713882,31.5,255,둽껒,,12,22,4,0,0,0,5,뉟,둽,
1143,20.59,0.9545085710611351,37,255,둽껒,,12,22,4,0,0,0,5,과,둽,
1144,22.67,1.0143432180890246,29,255,둽껒,,12,22,4,0,0,0,5,과,둽,
1145,23.33,0.05933116375042482,29.5,255,둽껒,,13,22,4,0,0,0,5,뉟,둽,
1147,23.42,0.14761140975827736,29.5,255,둽껒,,13,22,4,0,0,0,5,뉟,둽,
1148,23.81,0.020292205938673407,31.5,255,둽껒,,13,22,4,0,0,0,5,뉟,둽,
1149,23.78,0.09355210194048294,31.5,255,둽껒,,13,22,4,0,0,0,5,뉟,둽,
1150,24.54,-0.008005124129596506,26,255,둽껒,,13,22,4,0,0,0,5,뉟,둽,
1151,23.17,0.2203664621720321,19,255,둽껒,,13,22,4,0,0,0,5,뉟,둽,
1153,19.78,-0.3504194913317257,13,255,둽껒,,13,22,4,0,0,0,5,뉟,둽,
1154,16.48,-0.8131836553288132,18,255,둽껒,,13,22,4,0,0,0,5,뉟,둽,
1155,13.77,-0.7600885404207846,14,255,둽껒,,13,22,4,0,0,0,5,뉟,둽,
1156,10.34,-0.6252307144209664,0,255,둽껒,,13,22,4,0,0,0,5,뉟,둽,
1157,7.08,-0.8053911302741681,0,255,둽껒,,13,22,4,0,0,0,5,꺚,둽,
1158,5.49,-0.7779686673935748,14.5,255,둽껒,,13,22,4,0,0,0,5,꺚,둽,
1160,6.58,-0.3840580187883538,18,255,둽껒,,13,23,4,0,0,0,5,뉟,둽,
1161,8.86,0.25105949856670995,16.5,255,둽껒,,13,23,4,0,0,0,5,뉟,둽,
1162,9.61,0.5469199805751309,0,255,둽껒,,13,23,4,0,0,0,5,뉟,둽,
1163,9.16,0.18355359919280778,0,255,둽껒,,13,23,4,0,0,0,5,꺚,둽,
1164,8.61,-0.10602204006604538,0,255,둽껒,,13,23,4,0,0,0,5,꺚,둽,
1165,8.41,-0.13181862669334687,2.5,255,둽껒,,13,23,4,0,0,0,5,꺚,둽,
1167,8.85,-0.047041114161496166,1,255,둽껒,,13,24,4,0,0,0,5,뉟,둽,
1168,8.59,0.10340290212221909,1,255,둽껒,,13,24,4,0,0,0,5,뉟,둽,
1169,8.42,-0.06242196903558053,3,255,둽껒,,13,24,4,0,0,0,5,뉟,둽,
1170,6.51,-0.06410256645383222,0,255,둽껒,,13,24,4,0,0,0,5,뉟,둽,
1171,6.4,-0.5276888210471717,0,255,둽껒,,13,24,4,0,0,0,5,꺚,둽,
1172,4.01,-0.5276888210471717,0,255,둽껒,,13,24,4,0,0,0,5,꺚,둽,
1173,1.71,-0.5980980261569254,0,255,둽껒,,13,24,4,0,0,0,5,꺚,둽,
1174,0,-0.5507663559734184,0,255,둽껒,,13,24,4,0,0,0,5,꺚,둽,
1175,0,-0.39223775388079823,0,255,둽껒,,13,25,4,0,0,0,5,뉙,둽,
1177,0,0,0,255,둽껒,,13,25,4,0,0,0,5,뉙,둽,
1178,0,0,0,255,둽껒,,13,25,4,0,0,0,5,뉙,둽,
1179,0,0,0,255,둽껒,,13,25,4,0,0,0,5,뉙,둽,
1180,0,0,0,255,둽껒,,13,25,4,0,0,0,5,뉙,둽,
1181,0,0,0,255,둽껒,,13,25,4,0,0,0,5,뉙,둽,
1182,0,0,0,255,둽껒,,13,25,4,0,0,0,5,뉙,둽,
1184,0,0,0,255,둽껒,,13,25,4,0,0,0,5,뉙,둽,
1185,0,0,0,255,둽껒,,13,25,4,0,0,0,5,뉙,둽,
1186,0,0,0,255,둽껒,,13,25,4,0,0,0,5,뉙,둽,
1187,0,0,0,255,둽껒,,13,25,4,0,0,0,5,뉙,둽,
1188,0,0,0,255,둽껒,,13,25,4,0,0,0,5,뉙,둽,
1189,0,0,0,255,둽껒,,13,25,4,0,0,0,5,뉙,둽,
1190,0,0,0,255,둽껒,,13,25,4,0,0,0,5,뉙,둽,
1191,0,0,0,255,둽껒,,13,25,4,0,0,0,5,뉙,둽,
1192,0,0,0,255,둽껒,,13,25,4,0,0,0,5,뉙,둽,
1194,0,0,0,255,둽껒,,13,25,4,0,0,0,5,뉙,둽,
1195,0,0,0,255,둽껒,,13,25,4,0,0,0,5,뉙,둽,
1196,0,0,0,255,둽껒,,13,25,4,0,0,0,5,뉙,둽,
1197,0,0,0,255,둽껒,,13,25,4,0,0,0,5,뉙,둽,
1198,0,0,0,255,둽껒,,13,25,4,0,0,0,5,뉙,둽,
1199,0,0,0,255,둽껒,,13,25,4,0,0,0,5,뉙,둽,
1201,0,0,0,255,둽껒,,13,25,4,0,0,0,5,뉙,둽,
1202,0,0,0,255,둽껒,,13,25,4,0,0,0,5,뉙,둽,
1203,0,0,0,255,둽껒,,13,25,4,0,0,0,5,뉙,둽,
1204,0,0,0,255,둽껒,,13,25,4,0,0,0,5,뉙,둽,
1205,0,0,0,255,둽껒,,13,25,4,0,0,0,5,뉙,둽,
1206,0,0,0,255,둽껒,,13,25,4,0,0,0,5,뉙,둽,
1207,0,0,0,255,둽껒,,13,25,4,0,0,0,5,뉙,둽,
1208,0,0,0,255,둽껒,,13,25,4,0,0,0,5,뉙,둽,
1209,0,0,0,255,둽껒,,13,25,4,0,0,0,5,뉙,둽,
1210,0,0,0,255,둽껒,,13,25,4,0,0,0,5,뉙,둽,
1211,0,0,0,255,둽껒,,13,25,4,0,0,0,5,뉙,둽,
1212,0,0,0,255,둽껒,,13,25,4,0,0,0,5,뉙,둽,
1213,0,0,0,255,둽껒,,13,25,4,0,0,0,5,뉙,둽,
1214,0,0,0,255,둽껒,,13,25,4,0,0,0,5,뉙,둽,
1215,0,0,0,255,둽껒,,13,25,4,0,0,0,5,뉙,둽,
